 0.048761455472015769     0.058403767286742472     0.066849647674662283      0.20337795684192114      0.41530482293550741
  0.38053577105907171      0.49068153262736686      0.82246175832648261      0.89884759740755904      0.06042828595897945
 0.014770106061331036      0.58005339080011031     0.084149440422029695      0.22932687065615906     0.038140474392626647
  0.91687511303211411      0.40412448905367321      0.19208668006033305      0.45983169553057612      0.11355827529275979
   1.2407896812672292      0.76977458837328117     0.076842670184953388      0.47242822973418991      0.19433413033338434
  0.68510223208067333     0.041498439012968708     0.036154031868844291      0.98379367871910328      0.16763473343879012
  0.52267352558829272      0.43040748807104162       1.1118701624218414      0.92867022400303834     0.059698081701667696
  0.48901705405104445      0.77410402834392533      0.52627356653583368      0.27330213989452634       1.5419408887092239
  0.65889418630479191      0.47514224670879984     0.011087751089670785      0.74168810954382614      0.61623086799274285
   0.2064683902514603      0.19944007795459479      0.24788248106880498      0.32785202093097127        3.073513958601668
   1.3485689937010379      0.51431232932615267     0.061773782239359032     0.032084515105798454      0.10655116630716503
  0.51465114891430508      0.96290767071177263      0.41198474236306609      0.18991894901915257      0.38320567630895397
  0.68924633460612039      0.08766440400997827       2.4075530601927015      0.21850108534487381      0.56752122034240271
  0.66799606370545661      0.30362777325260226      0.26741399960647722     0.023424063660249135      0.83850220099868844
   1.2701097673829147      0.55619435190832478      0.82750466846102455      0.14373955495521909      0.35350279626798203
   0.2943956443438081       0.8509640387868912      0.36137068930155436      0.28132623861822775      0.70025301817395247
  0.71359512674314063      0.85788699265663015      0.18166196703492388     0.030163549554700676       1.5154608085890939
   1.0523130972174446      0.36696913690482647      0.28161554816261364       1.5926195778091128       1.3926789288599029
   4.1379003652997826      0.47226210280718667      0.29961460751020724      0.74231476008993524       1.5157205364479629
  0.71186375069248564      0.16909329711201121      0.47224629853631056    0.0075747181596591854      0.50389756269199448
  0.33687312382298729       1.4985422648212656      0.79641030423982473       0.1460227968922489       1.1819943540494198
 0.078080683500843684     0.093578348645988782      0.47810802916712991       0.4200973020093261      0.45989480398002841
   1.7873153145541232       0.2179519762499843       2.5914258559913272      0.21710570748913807     0.060181758223036598
 0.056559929062804749       1.1242898471790161       0.2803098384248508      0.49417021211918116      0.58717923570456976
   1.1482602214801754     0.086247096623461098     0.024252158926871381      0.54634574926973956       1.1968536296717887
   0.1027214381388894      0.90960570809750341       1.3270066523194337      0.87284728055610272      0.31841061606416587
  0.12571839243077432      0.28168610883305872       1.8842512450883153      0.54221690877559481      0.07540789766837773
  0.04840360777810853      0.34489403334751806     0.068222082307779305       1.9870703785713191      0.59532663462178437
   1.1216005118809469       1.0270377782164855      0.79004165645467272      0.42371334047348108       1.7917769582023571
    0.386222773598346       2.9235612491593743       2.6662346875521084      0.62051587323085011        1.101252663010081
  0.51063371322395368      0.14655089179418473      0.11561087464687037     0.013812251613708044       1.4513153003645192
   0.9891938341108707       0.1514762538891454        1.108603491359649      0.33214200995921017      0.16968599116974084
   0.3124151207141978      0.48859609979026841     0.072296073976658728     0.094265285969298979      0.44292781843715268
  0.28273062080143258       1.6200644042459229       1.3274195284957349      0.50631903374535192      0.22769914077781983
  0.86974273325461293      0.30213510329768778      0.58890523134588468      0.43617160846817088      0.20208676075357132
  0.36946265649145899      0.98729941136294319      0.29478297089335542      0.10777275756078167      0.31618552199991101
0.0061419750153011848      0.17884946533169213      0.30268058137698628    0.0049911092668539197      0.26216674731528172
  0.40305388829784888      0.35407411904020503       0.2281791019167157      0.36511690485726567      0.07364751442214805
  0.20563042535139964      0.77620628954452253      0.24505717671618957     0.043772068939718946      0.23270655608717439
  0.50168914967766898     0.048910534507851731       0.4723320240079677       0.1708349752354579     0.075162069998424244
   1.8973178775049808      0.15636703077552888       1.1115892652850536      0.32008155301074481      0.42948822137029952
  0.69376000499982982     0.067715187930708201      0.16105405893287783     0.017918029852322725       1.1052499448025963
  0.12503192205717534       1.5119416694071894      0.80195754456833712      0.10900961516207554       1.5174176570584954
   0.5986960145261675      0.95768779847012386      0.24294101521727196     0.023289423626862194      0.19010021196569551
   1.4037884424641773      0.17232683892130943     0.086924069997905307         0.24652443435162      0.66525799976276268
  0.37913382615854946      0.20413529261105492       1.3966836673603402      0.54720187882735483      0.22524070676603394
  0.56648705989594039      0.14253245835737355     0.015990441062534583      0.41864894305660183      0.24124014120506521
  0.17048527931687465      0.38939768242847067       1.9539378762135609     0.052102206939985372      0.35751238617937148
  0.36426312425136081      0.48268750326876891      0.10158730214133407       2.3778540465476561      0.18941681278126912
  0.12286581657951819      0.27807294801299731      0.10137853982026714       1.0469806570400264      0.38613514368341012
   0.1142325195062817     0.087980642548920032       1.6938372060477709      0.42461484521432052      0.40526716557150927
  0.93968499867073019      0.22554955761137213      0.34194627878809153      0.34494946740037519      0.39399148152760671
   1.1805673829460421      0.36550041949942524     0.033050428748967686       1.5921518102088452     0.037375712125226737
   0.1114146521624364      0.68233337211060729      0.64104766652393508      0.23640411356902688      0.53293587783365515
  0.25395669169203089      0.19828416018569517      0.12150117218277535     0.066058976239285971       1.2112925327504942
   2.3316532099558782      0.54417795688557924      0.28723911188425388       1.2487321586455247        0.805151449161148
 0.062060672024675786      0.31982781473138799      0.13342594546809453      0.46662050404523564      0.21378961874565724
   0.3744356343402106     0.067186732835610455      0.12662475296738093      0.71860705685818416     0.098990643239974169
  0.34335978183998139     0.096508647244488752       1.6971636368386727    0.0083961325931169572      0.01712153358359577
  0.28252167762869107     0.060270481035630673      0.71265463546425112      0.28036805463085429      0.86783916813823347
  0.15469936726219716     0.035551485537075676      0.24034387366736898      0.77467950933027141      0.15476835961198415
 0.088261259437546452      0.11525408467427535      0.40335354025865333       1.1412282489342473      0.30372290216799702
  0.54231949895633169        3.729254068382132     0.015547193857461493        0.342858996090952       0.5134401112849436
   1.3948206683247617        3.264635854365423        0.163643946324557      0.10675016278534036      0.38031324442402498
   0.1747841017974118       1.3763113924226742      0.31967245611331491      0.10050529773833877      0.39648653586735383
  0.62286475483875725      0.75935501694677587      0.68205223977366281      0.10297916333007115      0.24215214574972291
 0.098656951795268094       2.1358359106846225      0.76944885791532058      0.89873945257166221      0.16726579731544036
  0.55900695658952626      0.48456516741018629      0.06801262139355703      0.34346792820992883      0.67643213942848879
  0.10646954242616707      0.60762989680330393      0.45509007456087858     0.075466003395037701        1.362637844384859
   0.9796852397277247       0.3466558184114053      0.11487175820106792       1.1930032557212065      0.10800608261073148
   1.1545672339412634     0.043325321468668514       1.3101522027968251     0.087598666021107108      0.53249299907540149
 0.072285068749476752      0.68293098248316442      0.08546371845306526     0.059656496988969868      0.14376101782509962
    1.763420402562494      0.61258741273970696       2.0272865747391586      0.86080667831044322      0.97063630818855196
  0.21229753598137663     0.085538208436197014     0.060045605704533697       1.4484738323637125       1.2501322538204367
  0.17486138245938238      0.60860236829866421      0.05955638347636328      0.42145260214268476     0.056287548047561711
  0.46739611714201901       1.1182503115446958      0.36494619914375792      0.10184233446886858     0.074557522169638263
   0.5468070036361895      0.38280108505820643       1.1967530837015923        0.427225493868576   0.00011718805860195006
 0.011609565291317772      0.08739704620181267      0.97561829699240921      0.49847437767385844     0.082408882195517508
  0.51901629205382949       0.5401913305908973      0.19657077428459502      0.38844987934392466       1.8641858062991885
   0.4635144232268909      0.20496607611607046      0.10432892797861605       1.1726473022077968      0.34319330237331735
   1.0465696932378623      0.26287625372566514       1.8963914795241474       1.1426330950548491    0.0013481751850835961
  0.63308922453567273      0.45057286590401752       0.1566321895056253     0.078357596542747071      0.37924238641845603
   0.6542226600877763      0.42216444881919146     0.024761269919164216      0.28578377312777775     0.076390344954931022
 0.062978107011571943     0.029149115596318685      0.60464740293017416      0.74953034504878435       1.5003746639842999
  0.78985225064249331         1.40255842724835      0.25365030164005409      0.08205089104528554    0.0070833265882139671
  0.66034024748110398      0.71941630072844576      0.60442454536410617       1.6073206955189308     0.045436896077092809
  0.50520520580442818      0.45482912989155261      0.86443193030937371      0.44140946491301469      0.32324528253083779
  0.19505020323674799      0.30037856165104293      0.13587774200474179      0.18383398422501304      0.47482322236356062
   1.0961253527380261     0.073731043868561427      0.18314586197414034      0.61106174836705096      0.61298893397407128
 0.077808412649265482       0.4275781847848516      0.72141834543826655      0.51587295926747345      0.18499763076178277
   1.4048746052066379      0.46707829572859627      0.30534162985702129      0.36185735567293181       2.4253672423761743
  0.43651444753839957      0.16538617037289352      0.48868138883818918     0.063145447787445366      0.55546689306231034
   1.9735015252964088      0.42901303802230645       1.3473598023220512      0.14153896802882648     0.045454165784541742
  0.16010002199376236     0.084653448729815797       2.1061857184823674       1.5072855015097482      0.34133252636464767
  0.20144360700400193      0.43070382994142448      0.40163672162324676      0.72152851273181773      0.42184379297574531
  0.86956757543237939      0.39368953987088717       0.7225780728253175      0.54750503177789944      0.39546959930789188
  0.21793166152713639      0.40592584696489287      0.60980007247437562     0.082135833855056309      0.66345419255037763
  0.33026458077820608      0.83149468280939276      0.70443503727764878      0.49008580002609903     0.028476683093366949
 0.091352470042531789       1.3888264188484432      0.99794714128572559       0.8064359323738739     0.010264303168809854
  0.32897591511311275       1.5236797036183483      0.51863431962740569      0.29076697386646311      0.37642513162346208
