  2.5472660570342445       1.7779803643803549      0.63611117894083113       1.1219409777142764       1.3284446425391119
  2.9750694446290895       1.9018996096227891       1.4944104959602182       1.1929498187323395       5.0820953586279858
 0.33990440507885128       1.1944124823873472      0.68115124743531774       2.7866835543550477       1.2780955254194049
  1.2750077325126399      0.39252664620670658        2.803701089182058      0.45805481523024577       1.8152486988462346
 0.52842055884681072       2.0491696332717511        2.061789252898472     0.035305647413349461      0.41914791771278953
 0.73161111964456782       2.8103840509738545       1.2662734647656035       1.9989535001346108       1.2425716833246967
 0.94989244894477298       1.1015794433278649       1.2474667752352688       1.7187205167322102      0.59007172083901449
  1.3730821786314089      0.90009466451564457       3.1785960892647891       2.7146136340684897       3.7387352453380212
   0.356583166102444       1.9275234683101763       1.8687121264506734       1.3849961891099953       1.6431186318706825
  3.3715486172647835      0.34949629947106609      0.80554885046550306       1.1773478383542353      0.75065448699273662
  2.3852248963633804       1.4162538260306161       1.2602239264650474       2.2828116594194574      0.92370990016820687
  2.5030164449092762      0.44420982637463402       1.8198790006549945       1.1811159102829065       1.8771545316720404
   1.483910005840666       1.9310473561088064       3.2414599320872819      0.42124288304707058      0.71349795596277699
 0.92841981348407054       3.2619788009855553       1.4560969299528805       1.8579715435429911      0.58541231389345361
  2.3972830742801015       1.9893341461461402       1.1389635883375835       1.6320824505635074       1.3734948796196169
  2.3502975114441922       1.3231674350233416       1.2285627025995354       1.0326546343817227      0.95865518569369379
 0.85767167408248579        1.601896670958066      0.35451125735162459       1.2283322815874584       1.4835947182357634
  1.1613646504550483        3.663964139252577       1.9820245071542875      0.84511567547461675       2.2156592325419693
 0.75604839099360654       2.1861840080145809      0.73153262666800933      0.48054365415347849       1.7780734505911384
  2.4225160915589852      0.68107694043059086       1.5874462285031063      0.58002111095289088       1.6473524569053704
  1.5518807898445204       1.2279992317150772       2.1513103156380771      0.26628365747316568       1.1185858887416658
   2.510344854025695       1.9174080331496945       3.1467342822907391      0.72551498391927605       3.0453395200580085
  2.8257160348450565       0.8858951594790071       1.3225080571575203       2.8655793575753479       0.4527136770736605
   1.893262447159672       1.9119223087639199       1.6212668696342705       1.7263713083745322       1.5665507194864676
  1.0328678015349488      0.66991025493572465       1.5140624808464194       0.9606412065796609       2.9483180524982653
  1.1123550136522866       2.2636762162766515      0.76049493374177879      0.99951627488521699       2.4894923887351523
  1.1575100977331594       1.7507633174539954       1.7573211480440931       1.7058673449106569      0.54757673800524997
  2.8775619258849683      0.51646040670634741       1.3930082521171656       1.0778704546162197      0.82711854375708804
  2.6582101233067368       1.5114329641351192       0.6852699734103016        1.230659005779619       2.6543369976498692
  1.2160348797275198      0.64543189331959505       1.5684447277533489       1.0044688419307841       3.8137837421376863
  1.3241511859230846       1.3835909482210833        2.036021168635278       1.3483310357214913       1.5032276735417047
  1.5104616564809563      0.78198956266430131       1.1159873374575093       3.0424286926699189       1.7486535275061974
  1.8223768655924903       3.3003576767430745       1.1149243602641428       1.5443571512864571      0.79227844491788979
  3.8479771600863053       1.5244587979662214       3.1481431523701486      0.94906799725442603      0.54291685160309211
   1.678793479447616       1.4659748775502683      0.85572594178276107     0.031410111297549059       1.1083685455843653
  1.3805569469171093       1.5109762813831777       2.6732577094979115       1.1009070412626965       3.5040988247795606
 0.95252968932254878       1.4610559602246183       2.1874566603881629         1.54847227076477       1.5573203204918769
  2.4944211666070406       2.1371613267640659       2.5124942949373534       1.4870914173583221       2.3319772953664879
  1.4380507610448241       1.6080943534234873        1.794049449145257       2.3628446688751104       2.1038829194972704
  2.5212206365176102       1.8498687165269692       2.8514883468247771       1.6768429433411658       1.5218717200417082
  3.6990667482460511      0.73882302220287632       1.1739691520155537       0.8990928162548012       0.8619962481836122
  1.4808025064831614       2.4490572181198478       3.5671015922837195       2.0046959598005536       1.9486673327385622
  2.0096799866150534       1.9399627687151078       1.6674392940500595      0.94872524117800572       1.6495909341484698
  0.7050481920983519       1.3374649715794817       3.1250282889342369       1.7800633594020059       1.0309345806616153
  2.0296564293000894       2.5045174098324519      0.51406775549391293       2.1402028187861504      0.18767434561365423
  1.1778179745253716      0.55273058815700016      0.83685198975705277       1.6331991061193702      0.44647863986057301
  2.4952915637591451       1.2883991937342916       1.0184897926856709       1.5926858771103243       1.1831076678587076
  1.2722710721766659      0.93972980779785853       3.4902884529238811       3.5510499949511081       1.4588299595316472
 0.75321315518506149       1.3728193669159174       1.1777495089612693      0.95880091140396584        1.147896192540063
  1.5156647497388336       3.5121696017833854       1.5023464983281483      0.29309040580060236       1.2832977387093611
  2.9273559967459435       2.0311029313743441        1.310892157623931       1.7469885565667018       2.5783880599484954
 0.51530728611459309       2.0522534370866516       1.3122864616397398       1.9257570923993224        2.183843911667434
  3.4954245699291171       2.4776629241184596       2.0156164930121445       1.1920323190712541       3.6232744897993143
  1.3082156565050354       2.8461781815093961      0.40356151282533748       1.1843911008233363       1.4381270141774092
  1.0150940693463539       1.7704107246845351       1.0651348233734721       1.5398165980731313        2.022452365324428
  2.2596705594106705        2.635516190774934      0.69888919183419329       1.2322143139771025       0.8638450551871717
  2.1161284187690246        1.954346514961004       2.1041775748105307       0.7104517549567908       1.5813301129932213
  1.5389698736201332      0.75830906588521563       2.7911327032864568       1.3242949312740597        4.446489194750936
 0.94769086980557926       1.2176144776318467        1.912606765239482       1.2174184648388555       1.3284849718667628
  1.3860264307786085       1.9178943420154499       1.2445600970827686       1.3173838567933862      0.53760842948228171
  1.5887794290880921       1.7030737444889046       1.2046936298954347      0.91876488139686485      0.60268671141441754
  3.6621039026429343       2.0028619632062283       0.8706788166642202       1.6157348518820969       2.2118086279773523
  2.7466414189589479       1.1877426703902525       2.0508331850327894        1.075554529117281      0.70576466612922151
  1.3071621422284403         2.29065574930243       1.7136815120410902       1.0630696694478561      0.84940698143503002
  2.0496908258609534       1.2404676088048936       1.0831574623987079       2.2897634598000378       1.0357812549045402
 0.52348043665734945       1.7559675286482672       1.9638643090510945       3.6975434874099316       1.0854101812542685
  1.2427789741356416        1.521083162593476      0.37456040690180414       4.1585197275698107      0.88216847201803716
 0.88603745092493624       1.7387699967973422      0.64941490421612702       2.3947554810476515       0.5567118599286297
  2.1001757235071143       2.5997370115312792       2.0920671598177645        1.474418232788332       1.7857902914129413
  2.1011866875747476       1.2336936435044641       1.3126148703226961       1.9132578230805144       2.3657244339773897
 0.84346200887515355       2.0515539200696162       2.0885630204101364      0.57216386630856764       1.4404639438413223
  3.1042758785466069       1.4810365050266308      0.39595390575354589       1.5336643695225576       0.9329575435002464
   1.706629103812777       1.5128772773613577       2.9912651957396976      0.51033647715392094       2.0200758931006297
  1.9009440683385619       2.2801566419038766       2.1150218445672788       2.0172854572662913       0.8005964998456675
  2.4649178689729476       3.0289643749703949       1.4594609605927531      0.96484514601643523       2.3110176938093034
0.084146276201278972       1.6588234048248316       2.4615489718821864       1.3331183228821033       2.9135307345578108
  2.5765052260464669      0.75435456559047165      0.51651192442633653      0.52601236815054275      0.20167060893286481
 0.34647316282512108       1.6655336615852234       1.9281320726960398       1.2602387509071693       1.5831290079365659
 0.69789421669250939       1.8286523000676023        2.629472365211003       2.2722868191197074        1.504951321100048
  1.0340372825630724      0.37557928475359531       1.9881502326284075       1.8411456064450706       2.6599841536959814
  1.9106450058826787       3.1273062509231235        1.945867263153962       2.3801401097863231       1.4136316209070772
  1.4117221922033918       2.9337029584815295       1.2831783946576909       2.5864267070529703       1.0333406399199254
 0.42633094816815115       1.8199202493032212       2.5380926434250064      0.80639980605090245      0.31221929495217693
 0.97935279394924235       1.6204360192776481       1.3728713614351877       1.2460571333239789      0.39834334255279064
  2.0445859858434403       1.5095838772646701       1.0247633956146058       1.7213956341682113       3.3354378529442821
  1.0597311975497317       1.3020156973262136       2.9639938032025204       0.5003712877430111       3.2187466352602576
  1.7596034331654662       1.7669498692819432       3.4869717598277084       1.1895844098152086      0.53325996310133383
  1.5662007888424549      0.96585975686456993       2.2513755668484383       2.4127251189251679       1.0564972840780547
  2.3466993139410364       1.4022774680211416       2.7148473760154461      0.61008967302709705       2.5986609376250671
  2.1646430354964976       3.0910181973470205       2.8604946143161549      0.85229944966980897         1.83133857403955
  2.1962920437029534       2.2345881633829721       2.4086037057195888         2.36696242188509       2.1750765622276065
  2.6294657285653735        2.615189278702732       2.4852312135273462        0.914063851546835       0.3853473879944862
 0.18816252577190257       1.4634489665985173       1.1244986147861993      0.78320583333868554       1.8343189958110826
  1.5306059785687809        1.333255386799939       1.3099285865121284      0.40831404367100133       2.2468296445311666
  1.4271100402015982       1.6002416834079858       1.8610602330583197       2.0999389171383247       1.7033430205414961
  1.2738760867095344       2.5893525219754761       3.4835862019618271       2.7210420135094346       2.6923592818395581
  2.0164277768264722       3.4208209168734141       0.6666824756619586      0.73504887347662207       1.6797520432640198
 0.42614510740993866       4.1232395685135641       1.8727224404809175        2.502278857278998       2.5842092189913957
  1.0258079409623346       1.0289338385611644       3.6591653201863434      0.63911500171070257       1.0707229509706211
  1.8310156771461465      0.83505901268476546       1.9921328483636189       1.9312507807159114      0.12643665734857046
