 1.4804526785401744       1.2337764850888362      0.48799549606291226       1.8461031777748425       1.4472951374888221
0.85661745587251137        5.070806578548364       1.8756979251658961       2.1175545506478697       1.0142932506277349
0.85774452134620627       1.5010659875892087       1.1771122160483165       2.9350849783049986       2.5192424796249164
 2.8830848683267711      0.66874451012823111      0.50863794243185489       1.1349956967524049       1.0608841252621048
 1.1230791888250971       2.8283084232373152       1.6791778532493542       1.3346545899999769       1.7711917860163382
0.73859070500201218       4.3395959650782974       1.3180756681325054       1.7073254253320496       2.6087002628347866
 2.3340536870922586       0.4564611112416469      0.73056302343171153       2.3564007584032454       1.5882796507340322
0.72850338154362326        1.331283873945333       2.3508490992026689       3.0394188031994727       1.8556780642740209
 1.9924209037491218       1.6239183622143758      0.62801269235430035       2.8344347535224999      0.65619364486093945
 2.0482380752732818       1.8601931534135587        1.033974475034491      0.24030124824201868       2.9335419798358049
 2.2743133339951056      0.74422369732189864      0.70619233172488538      0.64619354354856606      0.78800390910965501
 1.9833039005393835       3.1151746928556436      0.49818441608426478       2.9097696174047272       1.0379697866529731
 2.0513659372735087       0.3679634904865085       0.9798937551414052       1.2970748831119578       2.1772230515913016
 1.5719038630194391       1.6450725285083527       1.9770528700502872      0.83735475287429006       2.0495053770712937
0.52616292366073059      0.10556187240692572       1.0311974566250135      0.68666343951508746      0.92436590247343287
 2.6970284465750178      0.99708122621614881      0.86494511013636022       1.5107403790032308       2.4809041889499879
0.96348136009549812       1.5202044192833624       1.5649476067419277       1.0990599938721475       2.4330207038713012
0.49472355275123414       1.5107298841941521       0.4781214056055384       1.3050402970219077       1.5881138359830673
 1.2204166950027353       0.5101507946081415       2.7329289513648285       2.4393052813920253       1.4747533758635163
 2.5572388192156268        2.904139866272633       3.0668774852181415       1.3610186966783986       1.0315642430382506
 1.7019644472378896       1.5334473225615912      0.87693866037700363      0.53273982088031679      0.47691301675880743
 2.5618412908965515      0.90241391352022493       1.9908484258698014       1.5144697232860589       1.6544530328687972
 2.7897438534295858       1.9875030541713976       2.0069741206160594       1.4350199839101756       1.5375440664012527
 2.5754367762812729       1.0839793218638607       1.0628999151221836       1.4118749062207883       1.0591228235749663
 1.7380733876228829       1.7721377108191647       1.2593480876686827       1.3571889600516733       1.4018295325620986
 1.3928112804046642       1.4315334534171729       2.1416256181518718       1.2755335174503097       3.9870209400558942
  1.679723196719956       2.9658352828155818       1.7821774052484247       1.2787152700184177      0.47474446919553143
 2.4625864304019807        2.456520001614793       2.5360925319942953       1.4086137902949758      0.80632369139736049
   3.34364466809732       1.5921275791359306       4.1125304942171113       2.9765853108086886       2.2572588302929977
 1.2242882459960938       0.5212397903498257       2.6531538628783227      0.67494653120352632       1.5682392532055527
 1.3467750202114412      0.75222195554489746      0.57157869683387497       2.4407838664251646       1.4804353637813883
 2.7873811811489984       3.0390728523751309       1.1173759092561206       1.3585488490058673       1.8019232104949883
 1.3022427865065718       2.7189171298033057       1.6214103924057139        1.243162321671353       2.1011489506051153
 2.6514579508166425        1.647214346462865      0.55904643136708443          2.8831722226226      0.48572427486581632
 2.1441604856695387      0.62925140480518249      0.99543766668002287       3.1280407583664704       2.0212251983191818
 1.0881441488689363      0.82337998465600937       2.2048006531266897       1.5419936898114917       1.0967233234611302
0.94451151124880006       3.5909864818760107       1.5495630143964252       1.1985130280662615       2.4256806637556854
 2.7407811500890555       3.3264956979313189       2.6999554821527365      0.47232021181242373       3.7292464225001458
 2.1551405254351024       2.3056213065962501       2.5970512589036923       1.5285110735945104       2.2995541212174602
0.90221098203023697      0.80411557869847206      0.44961050504767625      0.31123698143636436       3.2909512422996459
0.53359063348133162       1.8652632753496599        1.279325301676322       1.7394270662677493      0.42392500400116884
 1.1993912955469455       2.8219534980270704      0.60738758936492776      0.84340092358030216      0.51305987481179083
 1.2065112730147654       1.7208993697106278       2.2979721980054015       3.6703087689983609       1.5872203842457933
 2.2863575895967019       1.5854176677099334        1.671245275090071       1.2285378979355028       1.4809603368142563
 1.1420348010623012       1.9257357049605546       1.5742310914412168       1.5011304630544406      0.63604510880492238
 1.0591653823001888       1.9530173029335471       1.8415065304979203       2.1704529991532926       2.0213344176138262
 2.3233162088530008        1.695273808671349      0.57825370314370239       2.2011443115299349       2.8434533678234919
  1.044849775264922       3.2071164056439359       1.3578954308957327        2.534298203992813      0.81880998999664878
  2.744195108828984      0.80706016752913079       3.4456578761811154       1.6855536298513629      0.33096274158426681
 2.5572714574183597      0.70074460114127379       2.6182057999792452       1.6664472477802699       2.3088407947236891
0.89901805497875775       1.5849226424017779      0.50958931115504591      0.98183002797685559       1.5347851463872138
 1.4374385063124322       1.4979012430292462       1.0082967749391423       4.8935153077987446      0.81763608003724908
 2.0036786246847109       1.1815755416835576       2.9674402667664159       2.7459067947945495       1.1926920864108987
0.26027957285661357       3.1505094290949041      0.87338069071656854      0.88118135013255905       2.5363927207257326
 1.3356370846752077       2.3610790711696068       2.7923345875098229       2.4730280639908968       1.8003868965397491
 2.0146944379429761       4.0921375698874431      0.99319320785648491      0.95721846210120476       1.1659664579534808
 2.9494376458897911      0.94103574581014215       2.4250207611164791      0.75309197787870152       1.7025417620295178
 2.6641738872213132       2.8248989953110706       1.7396033309165786       1.9454409361425828       3.2690613656175231
 2.2956776190100259       2.3135413262132363       3.8619779829679288       2.4831133029465051       1.1745380828442085
0.25528129895831531       1.5165937000304117       1.3892277841728111      0.21917671830292612       2.2111857495426155
 2.7181379132489503       1.7051344873155092       1.0919360142855878       2.0665630571462206       2.0448184694623692
  2.437708676529359       0.9440107074947669       2.0532869041317241      0.76520663417829049       2.6197514620561777
 1.0923631450864277      0.75457900151605284       1.1241224504469982      0.67988595917166583       2.1445767964000377
0.71376976628971589       1.0182270002951936      0.95963907696380879       2.5108017032643755      0.24965869047062653
0.78795837802694846       1.6371269313450809      0.60041822641390297      0.56204976856547817       0.4482610152080696
 1.4958470002114219       1.9526322332235158       2.3758521075329404       2.0346592812610025       2.7728765880647019
 1.4102262994880408       1.7006281136838401       2.0364438646836831       1.8740410599172423       2.6374657877917405
 1.3516016193584552       1.0492597835525175      0.32053357563689316      0.25534788982009476       3.1787885812156467
 1.6866786426963531       1.1603933348343278       1.6771096840667301      0.82465719050864317       1.9466187449215533
 2.7958287003098934       1.3203554978339256       1.6860779561784196       1.9826668356249093       2.1547477143409952
0.84242181063262711      0.93805619885583658      0.86797048404601818       2.4598308916930756       1.5852114297547579
0.44619915870494525        1.776523684196317       2.6258760992148984       1.2679774575463996      0.86085079170190004
 1.5449745730465336       2.8680222925959034       2.6697825751113045         1.91323594990751       2.2642802303941232
 0.8228685488923051       1.6769580438618741       3.8008655095882902        1.194070866646666        2.081832708533744
 2.3722407697276755      0.95137301918278139       2.6433798331460041      0.85113459763756483      0.79959838959203466
 1.9693178731216765       1.3584929844419564       1.6740111332654499       1.5262487648826064       1.0416646884900276
 0.8745405594661243      0.39179890109940019      0.71159918715429327       1.7794588115150727      0.66208627581777424
 2.7938626271803075        2.698291151646619      0.58996271243505649       1.5402479879454323       2.5984080573989918
 2.5712049896010365       2.4873394420222881       2.6236896565539216        1.979985902833086      0.91313766317752898
0.81079632003938862      0.48475172035266251       1.4899929281379074       1.3116531684190325      0.31642752502388261
0.93127375200841334       3.7029160390027105       2.0786627278104843       1.3549298840426196       1.3231606743982272
 2.5460422610407329       1.5643395262430326       2.0241876224451141       1.6801857618982456       1.3538159723949692
0.70314482401286937       2.3334846414954762       1.2226954522129634       1.8350223501736191       2.7318505664479313
0.98493264260432489       1.7131012930223621      0.53812676549063121      0.76603864733614202       0.6457073519849279
  1.107134749671455       1.2783776610646758       1.4051097827885091       1.7980046142215795      0.92623731426082889
0.91027317181939327     0.058582743031030615      0.91848882103705276       1.1588413698771496     0.024322875109624022
  2.699884915917671       0.6288472745575866        1.211970816910843       0.7289365184859028       3.5067537723549291
 2.7955794443645328       1.6543878885486984       1.1725110170112405      0.66549066732799833       1.7666428968531418
 1.6855543087064948       1.2242167445103336       1.8725400128323053       1.5354395773824141       2.1245957067583063
 4.8478104484688878       2.1207903097392871       1.2015024205072395      0.69920004718306583      0.69335620324459069
0.15037065090618545       2.4061494053296006       1.0822299520387393       3.3162341887138753      0.43361396255183299
 2.1892489093305634       2.8171350360984779       1.6770260240284534       0.7609967313786411       1.6215071351299668
 2.3589382905083731       1.5711531619851564       2.3805672060474175      0.95394007403929126      0.73176038531104359
 1.8986759848516352       2.9945420014212671      0.88575569921545916       3.3960410198243309       2.0680380969443362
0.74987144489723423       1.2317246050931512       2.4190430259784463       2.3078827817150964       1.5729920117494443
 2.9654086898113698      0.41907535802295792        2.420734481563815       1.6543727941928392       2.3131272012712722
 1.4534172726497065       1.9618210241451637       3.0920487653035393       1.7954536307868396       2.3082782506701505
 1.8713633842723183       3.0478662783550932       1.9938093326482269       1.3202486647846683       2.8631892917565427
 1.5753747684665649       2.1013379100295895      0.50591151235473697       2.5186516901709814      0.77868949848582469
 1.0640482033250562       3.5168790252935387       1.6738610499309552       2.6944814878608425      0.93523148936052125
