  0.30289753754100934     0.060099051165528647      0.14568169287689794      0.51341148887936094      0.26501715031781747
  0.70842492728049844     0.038028309809645729      0.32210093477602164       0.1274582625680151     0.041995935639023221
     0.16412604588704       2.0858091404679828      0.45954567787306583      0.51196016954602863      0.33585185804783196
  0.91158315715537552        0.466287461170383     0.047478872149708862      0.22951845982506974      0.85870127176685418
  0.20006656159870959      0.85354621985435408      0.01690922538355832      0.37864702307084303      0.53599823337031616
  0.21793215928017534      0.29446326707325327      0.22226256641533157       2.1944815944093503      0.58145527203066383
  0.70424436973307869       1.0932129443770864      0.96822081534533788      0.24500994414346997      0.27872467877728568
  0.81413471181867503       1.5481032797035941      0.22990858308637399      0.24302872839556819        1.289214891116955
  0.85772252391105097     0.033045827859569346      0.45891362908643624       0.2064293785765389       1.2786937610612998
   0.9084579762421382     0.013781469060358395    0.0042298062087856234       0.5120760621734195      0.85648208323965225
   0.7631097019691323      0.48732300996158995      0.59721267779021825      0.33791526224481599      0.02581972021435739
 0.022038814441926655      0.21028276921695277      0.16635109960283587      0.16935181286000459      0.10012476525790109
   1.9801861501067448       1.2858920884891201      0.29892493097131806     0.056908660923584688      0.16347221883680629
 0.020760869845863544      0.75108102827361722      0.78614835152281748       1.3864806350010137     0.014444564294967646
   1.7509620081130111       1.5440276782934308      0.17783450114802832       1.1089953857379387   0.00075290252770943719
 0.014018375675544504      0.36170449310577996       1.4282287195587071      0.20616043904209103    0.0060370655341894187
  0.57958834153652261      0.90689548680528231       0.8083802529588201      0.12868122428521189      0.90692780821541608
  0.30806529209801692    0.0041752088195081199       1.4759990325928438    0.0057929875064931012     0.020279445823081568
 0.070824636429401344      0.40686507254520682     0.058398199900828278      0.99314908869455554      0.30318510725342712
 0.052297474093813925     0.021831946620912642     0.083492945901784243      0.48264363531599841       1.2445272048566456
  0.79665929120028955      0.15427835718205579       1.0213195468714706       0.1870825066455325      0.55725961943668101
  0.19817862754834017      0.25975417409327789      0.42587905619710725      0.46806720166201649     0.052956289200721395
 0.028963051545706886      0.29443218753392969       1.0130010335426625     0.070204354767937863     0.086363520364862681
 0.011760296020564038      0.16685939649659923      0.26705324851218759      0.58870360672619226       2.8949635099685733
   1.0645813226814511       2.5309035999948213      0.02483556528286544      0.96301986246207327      0.21325795008067258
  0.82295084446370581      0.11727446253981909      0.65086648546146286      0.18962055041721496      0.10480874726029456
  0.13977359617282473     0.036320863528225854    0.0048710790924260151      0.76349293231657089      0.67233246699526372
   1.4376709577981119       2.2915478817459412      0.50228781575153869     0.067412018357875275       1.3135996486582098
   1.2629614965386304     0.092207811570251319      0.74967920820545142      0.13683237257326175      0.63841558799595666
  0.34197846328299164      0.12664216325198185      0.19449617868835239      0.41554604743314061        1.088262376735756
 0.077776373284317052    0.0013711018393446361     0.012919537119469074       4.0038822968417858      0.34729362932698299
0.0014168800336646276      0.70770443560789531      0.22651913491768866      0.90891642598953659      0.41611102179412601
   2.5955915904549749     0.040111140446650942       1.3179774175051422      0.61938064491045097      0.46107980087757311
  0.29235702478577302      0.21192318979278515      0.47093747898310451     0.065264119886076069     0.057467812972986962
 0.071374519807947859       1.0763098913101685      0.85801286918816677      0.24328094800436778      0.41420486154638403
  0.04555206734588161      0.62939223158147728      0.70014985674058705      0.54310534623391638      0.60220596006588256
 0.080339536405906173      0.12882339466370063       1.4118905414540084      0.60145650691351682       1.4502805396780996
 0.061742861093473003      0.10342495167744808     0.049451170817083633      0.39771148183684318       0.7258729477337853
  0.14001013749529037       1.0811801041602065      0.11073415692733701     0.048390300276655161       0.6840923840702765
   1.0240220723912394      0.36129767855075895      0.47157190998965121     0.037226636155880705       1.6888060225925354
  0.32291136600768655      0.72610012035391136     0.087920553113095976       0.3264282281620236      0.16898605031877584
  0.85064818715711943     0.038467670873441467      0.13513102606587524      0.22278464691371377       2.3311986297083211
 0.088462940046591235      0.54439616166764437       0.2271621269722186      0.15757993740282966      0.23565154235534388
 0.035727243245561736     0.073491294474981969      0.44528496142831336       1.7852841245514761       0.4285961348417095
  0.84880313762713755      0.64445339918722422      0.48951421708734222       0.2646852399724367      0.66494572606650126
 0.059103387680832023     0.062183759007115771       1.1576172814081707       1.4669097426820519      0.20419442238120056
  0.45290531037860493      0.79854264461060676       0.5135344666167283      0.41196569317941389      0.54446415731005449
  0.45947658905222288      0.13174335468075335      0.28704321560595025      0.36336302851500957       1.0838519750142104
  0.62355746458490247       1.6506411263843348      0.37076767753337841        1.811695038439723      0.29860427867344702
 0.067760151851188902       0.2116701144585699      0.20935802511060619       1.3065535539197424      0.86200257249309042
  0.14301867925690603      0.27143792624670465       0.3187037404493161     0.037821100104453574     0.059265000481338058
  0.38411272686127201       0.4672389620033065     0.098160759991528526        0.299875684129218      0.19404402955022212
  0.16402233858205684       0.7405344430958225       1.1147606328424691      0.47961032159732736     0.078988372954608033
 0.027390483018497804      0.11141874666139306      0.36749146810464617       0.4833408190027017      0.12956439231314451
  0.83590537835066669      0.92195514247782817      0.25246219431411826       0.9028444188116509      0.10253314277459004
  0.67337625053034533      0.34196191091361067      0.80133346452763654      0.90845315928335546      0.21870977846307038
  0.21272099154791316       2.0824400760385422      0.23533113835395786      0.50093083904002911      0.16349132495215038
  0.10158674040571042      0.80276645407928404        1.414339175389312      0.52159482685875336      0.17836996541050326
  0.07582389470693951       0.3458017699376314       0.2640249146970996      0.11635131986241665      0.54346368471477235
  0.44042636014222725     0.084386816318339691     0.082042931020597801      0.34431718074782397       0.3021140413878578
   1.0322141365733406       0.9365994194862628      0.33172548448282685      0.36637444198126995     0.064842828779655498
   1.2061282706113738      0.14904475857162475      0.39365426366518824      0.97104922285167306       1.3910024905578795
   0.4879333921597136      0.17670399189356578      0.91021924928790132     0.057669348261916824      0.33108018495982622
 0.089733877268603601       1.6101058416420229       1.7050812242256408      0.18826680763384246      0.40052379252205278
  0.73591912514125146      0.34224079947748004      0.13333584991963435     0.086139399910042089     0.048113415602820397
  0.11209322794498316      0.01388064068098508      0.10904054208112798      0.20125114427054641      0.22080643891010038
  0.20256382831688463       1.0449801677258301      0.58612473788678321    0.0077534277677288772    0.0081816812095226437
    1.742582698968975      0.14191630966167965       1.0334041953836468    0.0097634899358985047      0.25622032431309016
  0.11528608497533628       0.2145058330937063       0.4689162128992182      0.66263407187868972     0.083013654684642141
 0.038542752240524267      0.24893591658017361     0.089740687451001278      0.22508455055661908      0.36226062505722645
  0.33887216061094177      0.33278258183385545     0.082365562442703502      0.15164756057208975      0.29005807601792977
 0.086797170740636906      0.27061046162669433      0.19491917919737661      0.33321645548926021      0.82240347579250739
  0.97068089792621093      0.40749040636497769     0.019451378018213058     0.077813243664766454      0.21757088325306542
  0.13137210066579194       1.2308289692323755     0.028005327785709539      0.79185709611944688     0.018049523529543653
 0.036900814151624682      0.59098575009471987       1.0439262271037146       0.9976768013776024      0.29999128826230259
 0.087545481766000854      0.27613081921397953      0.20726218353867246       2.8125662588703979      0.35136888809965372
  0.64527397702956557      0.21842199796632697      0.35018406485885745      0.89788169055997535        0.110508530000843
  0.73947057881994771     0.034304566322300507       1.2960392063582373      0.29985960477736201       1.1372750132724474
  0.31058398145838734     0.010750746901721793     0.051569144225112551      0.32139997722443042     0.060695701072388204
  0.44134076664178895       1.1327430939258838      0.33411980592806029       0.4561800316230023       2.6557284182841943
    0.351872135534188      0.19744429807375277      0.12417596625317869      0.55914110122674809      0.32056210184773476
0.0029242052364975854      0.24207216039067891       1.3424961406922826        2.696703859956167       0.1855056441544401
   0.2407209929150726        0.357183398223333      0.63967267895135105     0.097681889068174765      0.27238643005321511
 0.027098200934778167        0.493553012428187      0.20521452839105125      0.21459789102781421      0.35252247761420186
  0.34069290671478453      0.35540982811132371      0.96255820450518581       0.3836147363545051      0.54411228368628461
  0.39483025908488995      0.19077968412716328      0.21450256381425942      0.67437537868859365       0.2430196265347003
  0.12333838457233837     0.019697867600555509      0.45651878217458652      0.10468819109257554     0.043445527573557741
  0.14136791790881234       1.1563713424828652      0.12766388817868043     0.092589220872459688      0.18265664454088854
  0.38944749003290885      0.10805871315551865       0.2038603585406854     0.076485785094422984     0.026175582007595049
   1.4046959984051726      0.25168590854747153       0.4608289612519943      0.36385658577205782       1.1054736898051254
   1.1631964405952675     0.043946422385229202      0.57571078607262838     0.014221145635856313      0.32102991027784211
  0.10791277254835349       1.0957272176993049      0.51569108693838051     0.082668201384089174       1.0549623785896565
  0.20191123120819987      0.58655001546614605     0.040431421627307042       1.2165625337294961      0.29002339105901787
   1.6409870888880334       1.4176073335774422      0.37523319007146061       0.6872560799782802      0.17828500759887975
  0.27978080191440352      0.32753134712480109      0.38988725137778396     0.096318034435108349      0.91551011478393574
  0.15722263048239216      0.12599455068679447      0.37741921037520559      0.43125273902464784      0.12031196391336813
   1.0537493638123707      0.60366121985499133     0.026909286329111673      0.36481910399132572      0.43930629235418056
  0.73140014043004098      0.71254508819902762      0.72597557399431012     0.023755819472941933     0.051287601434399206
  0.10016497740223677      0.52829786051096961     0.059826059935486189     0.017034305155915853      0.56464224523610973
  0.94478877960498309       0.3784041013257135       1.8737193455456682      0.12792204992307257       1.3370693266721301
