  0.44517834104812037     0.083527050544584758     -0.48595525491893787      0.41625763073600686       1.4153588913358419
  0.53239544229656122      -0.2403247211617614       0.1339942546066909      0.21013864394778448       1.3574919090977424
 -0.37778060019928583     -0.40938311533730642       1.7484834500592898      0.44528737722893091     0.088896307185974632
  0.12030639813108168     -0.76785654819369475      0.60066461537415861     -0.23602396054428376       1.0508796462990626
  -0.7947339486650844       1.6008906422558602      0.76386839804899109     -0.14567625565750775       1.1697488149696995
   2.1778633781903132      0.80381222254972251      -0.7234433730676344       1.0889668428547041       1.7973294094714123
   1.1388665089203929       1.5013806962854228       1.0212474250444021       1.0913494831771324     -0.76690302025704615
   2.0466229115176895       1.6266303225622396       1.0206652939538041     -0.26423103267765802     -0.12969219766475115
  0.53355980369772005     0.045687745839845584       1.5642812735787661       2.1788281681841339       2.3550738799940398
  0.46724657703032818     -0.19628529612130896     -0.57217784171981911     -0.63767288584452575       1.8072790034900594
  0.96114753332147096     -0.61219280944654497        1.710361201406037     -0.17025868198311378       1.2121815134260305
   1.0971094130637655      0.54817411619386536     -0.19669321939385387      0.81440280099653561        1.373007976409248
  0.80806413789429077       1.4372526265017287      0.88724389260116687         1.62057208863158       1.7779813887782732
   1.0680386516224245       2.3211946093854898       2.1503292792650548     -0.34909434133030803      0.08010201059665234
 -0.39159445255851733      0.95359416210862236       2.3492567355458744       2.1726329776243594       1.3178264102407629
     1.62822740954173     -0.67753757931735703       2.3146824713067904      0.53716794653471656     -0.72406032856462188
   1.2734138032581648       1.0517816318065973      0.16075246812903365     -0.63676711784608764      0.93045727846066129
  0.30954973514205225     0.075969689687297892       1.6026588178629022       1.3474797559044751      0.88095593725415944
  0.18589686583062792      0.92343548195882419     -0.15538257823967128     0.080572915663239431       1.9866124881097105
 0.062718256208861067      0.60582400972170491       1.9487600719247977       1.6876199292061567     -0.21560307265344791
 -0.33791986643332872     -0.44175864522952479       1.2949383936766155       2.2746822525657677       2.1738780305968382
  0.25576226885535336      0.40222910782735943     -0.48994218834538383       1.3925946590652685        2.318083911117661
   1.8577019183782502       1.6386189056953577       1.0463722139780627      0.78282742396835558      0.24567161542335503
-0.067941534637892542       2.1318216117142295       2.2767608218430926     -0.50013578589638019       1.1852865567240776
  -0.5958351900223493       1.4069029733502307       1.8957311188459562      0.10608670428056888      0.87482195133636176
  0.77095670236813441       2.2996837196551692       1.6009514493866159      0.91032295748528413      0.65645196989280197
 -0.42587086209822389     -0.41297787275252085       1.4401527709289732     -0.78186275832936025      0.33356415596831296
  0.47508435058602144       1.2582208443065064    -0.026027725949479441     0.090321468656871962      0.25551773117557097
 -0.52525039409992802      0.42442207759326261     -0.68995404544731764       1.0756250365669051     -0.55100975091886273
   1.4963625605260973      0.98816454468235926      0.66619058770346218     -0.26558717039761559      0.43583190895577728
  0.28145182495409726     -0.18109558404342851     -0.44121775109419459     -0.27185099536082791    -0.049412359716197729
   1.0008862257641733      0.44715351062247555     -0.29908553815744754        1.354361655593791      0.74379607197385011
   1.2842356579700793      0.27470390064938055      0.53012584718605471       1.0114532503294595       1.4306565272910001
   1.2777750125657996      0.32685732435949266       1.3215079885334051      0.95387610358194164     -0.37730404246007132
   1.4331078562073034      0.38005992062195393       2.3078113385747736       2.2894581165311605       1.8366076299894469
  0.14898139505213615       -0.447673139509702     0.080064421196300306       1.2004250881238661       2.1693571750855156
 -0.54372242822745775      0.79178075671308845      0.88873845281330821      0.22429465042460073       1.8438776186462149
   1.2165309576680048       1.8059155942558514       2.1714112458785051      0.85540347286196217      0.73955831295690022
 0.037611159789304294      0.28519122374682115     -0.28288770479045922       1.9601829127318262       1.3011224063985871
   2.0543519941711823      0.78319245930870129       1.7170532930736231       2.3751214840880621      0.64784157767251704
  0.14629746088839835     -0.43912920423438706     -0.48750214784931378       1.8752224114712817      0.52596981175877811
   1.4787232910693393       1.0304773051243175       2.0202081247658019      0.29768758794281636     -0.70808826246848366
  0.24293436352856224      0.83757053224584366      0.85932866085782822       1.5890754933190467        2.159059571857906
  0.35382620532034625      0.32299905654808164       2.3109337690721596       2.1994231166268365     -0.67890833764134073
   1.0845450368817142       1.9550825907360474        1.610579680478935       1.3278249401124471        0.710992356845912
   2.0894743485497589      0.28682303323123881       1.5028578230422889      0.72751201977124569      0.42088140752701986
 0.031489222497114056      0.64938444665428219     -0.80990253754965447      0.10098501528214832      0.89730043427442685
    2.232873013666075    -0.053443913507257523     -0.15776414287397544        1.093564207289635       2.3881635636383156
   1.5547651728367029       1.6589534292836188     0.018127153378216465      0.26238433510053394       2.0807648879473248
 -0.80392777765732193     0.060000632284779032     -0.56141937759470606       2.2641116824391414     -0.77085917452487651
   1.9145684360338275      0.86820908044037071       1.5438393301162805      0.60182188873992293       1.6889944284550187
   1.4161323532474732      0.88784059199023835       1.8243473384424738       2.2719678296769734      0.74063985676513211
  0.98844572403488851       1.9873189009783399      0.28481744663634168       1.3544928029680721      0.43524693569342582
  0.26658914269899037       2.1936416114946518     -0.38094111840917666        1.449879712068141       1.8257589214481991
  0.25079498775968001     -0.66176289753399375       1.3207822425350879        2.258143814421707       1.9906383632944593
 -0.56987389648630171       2.3260910266044768       1.8493726930839731       2.2009139641320772       2.3887666906132141
  0.65394447443562154       1.2129658079552497       1.3456180044377533       1.8600259707416902      -0.1897366678376865
   1.2928372348458572     -0.58493632026741271     -0.37027305502698593     -0.31957572593002803       1.9763480141635597
   1.0190324119466749     -0.13781480896306431      0.39864951711055441       1.8493438963254287      0.16949881726069216
  0.47343765385895592       0.3378095319953735       1.3608509870612959      0.67270238805080051      0.50275897100552203
   2.1842878123288063      0.55237248031107622      0.83905091289445177      0.14122027424943229       1.8040761569640293
  0.33988792045558436       1.6171365756922049       2.3235547851636866      0.86275846140095824      0.36468857968479412
   2.2260890346843096       2.1234133202125003     0.041755302132127525       1.8531930755449242      0.55087601244416817
 -0.72149219725890035       1.2046597027590129       1.9665234411911972      0.91359973448184495     -0.52524204422729115
  0.59867911599930301       2.2524142151285362       0.3823566513836012      0.01640108820696462       1.3259500537044373
   1.4326338470387809       1.6074131262497573     -0.37935988194999126      0.31902140568065873       1.5309272340819176
   1.4399696830055704      0.87177171905488471     -0.55262780203446726      -0.2183983177165707      0.14806242833626615
  0.82055272345224484        1.912558298027573       1.5550694022921641      0.30815837612960728      0.26749210888580732
   1.1484563534765659       1.8030826751362208      0.37693728544254185     -0.20882436397101556       1.5406097625579047
   1.5793070769170132     -0.39381484745140938      0.40407643897065926       1.8662366538967217       2.3473298511678022
   1.7561980592276139         1.62542045087121      0.15241624368925311      0.41575206435108814       1.4264079611563942
  0.26340531484768259       1.1644812024471038      0.12784737653296196     -0.78774233514174385     -0.52936984986708957
  0.99378099046909663      0.45910619100098615     0.016342321716871666      0.17442352836388253      0.69389462438833183
   1.9291179682264457       1.8841646806212085      0.67056521660203083       1.8696297997958899        1.222721658790777
   1.0742993584844434     -0.69516372556401573       2.3550254239500017     0.085481604756094565      0.86906754424884025
  0.81436788880878042     -0.50921547159556724      0.41872320058324142       1.6916554491213298     -0.36423283097717141
   1.9232215549389056       2.2273361395375946       2.2116985381489886      0.88912805478902801     0.066781681532918413
   1.3783111578725316      0.45386497927918795     -0.28179940069027465     -0.32383782991439047       2.3526176735529494
 -0.47666733365825253      0.89153037319712158       2.1531377270366994      0.86901720408658423        1.735519473746558
  0.79418057776608153       2.0845177946216231       1.6049040918551087     0.091594515704160662       2.1798989700467564
 -0.75668915607773291       0.2740388906866239       1.9334011487796106       1.4781103493035985       0.3008209058512521
    0.603538421284041       1.3143776046879447       1.1167914638713738       1.5408247465008662     -0.14645761315038008
   2.0958667181952784       1.5182479536646063     -0.47336326649028848      0.62610956041199195       1.3672838648644809
 -0.67476585001776268     -0.10187042598227636      0.64485790853377756      -0.2333699189405436      0.32347162778001681
   2.2179837291808555      0.96602996181627443       1.2844840957927639     -0.38286102699505031      0.58993033218831603
 -0.23882144085430057      0.64408828136898943     -0.63344436188482867     0.057967537433588179       2.1010152362980734
  0.36999980192744475       1.1420980787711263     -0.74995548362837727        1.223623093318879       1.8594876672371212
 -0.15896761721888852      0.92920410596935621      0.11267351474164033       1.7714639267651622      0.43898622340006482
 -0.51120736856726845      0.84686082087215409       2.1739366762209058       1.3271679719869158       1.5395071047313271
  0.57183794544318645      0.10061454000755432      0.83292910915897278      0.10235368345014217      0.11543062060101728
 0.073352323127666375       2.0054105338624284       1.9934680380432555     -0.36069246540225386      0.12017394180515428
 -0.49427091877357232       2.1902044545081027      0.39631297477490618     -0.02843185991938868       0.1351421085348079
   0.7844268126648114        1.771532552958146       2.0230632995578732       1.4043265686530504     -0.73845689037430251
-0.050407764744308303       2.2947389630356496      0.89959895453492089     -0.58778553527492061       2.1301304014496916
  0.30476809899644836      0.86574462895635473       2.0490547603804403       0.7835929644470484       1.3854803198037784
  0.97505094719436225     -0.45568879421128372      -0.4881507794815676       2.3490682130481373    -0.065686193497842327
  0.94230026945486867       1.2704936306746601     -0.13710225195907721       2.0885594117846642      0.77939051334288134
  0.53500241901528289      -0.2050742131597989        1.435513967313053       1.0294847802544842       1.7213314990287094
  0.42008453517123312        1.934481763873318      0.34251108305395711        1.644029678069594      0.40316516478622699
  0.40455018666314557       2.2104742192893534     -0.81377488750919857       1.5805871953871169     -0.11610154530511796
