    1.186716585004739     -0.40279197892336338       0.7674159443712576     -0.11083705427968393      0.89453811484346868
    5.659558615620444       1.5574241433765448      -2.2981073326936405      -2.3402529383889643       2.4100834322911089
   8.0024098478563026       4.4404387585448362        3.863416569376835       4.2079528351722058       4.2842508909567556
   2.3187681476424888      0.55595143657511392      -1.6867644332152594      -1.0728076509573143      0.36000134795998351
  0.46710371479159907       4.2756011373453244      -0.6884727814625422     -0.27828794567028092      0.39038399566770665
  0.40492368490159536       2.4244586906850651        5.857976603213757       3.1098416195421281       1.0305428776872783
   1.0393356936068414      0.15774160026827899       4.1374335705951566      -2.5947527234896741       2.3844875713893918
   4.0664161637315548     -0.57089106576635418     -0.39510969137771301       6.2405045903629546       7.6199905809733286
   1.2846533895260028        2.283320488814077        4.691658436308475       2.0694545705437193     -0.73066065816352399
   7.6210582421396822       1.4778491729870344      -0.1170998121125455       1.1025867319360776       5.6197069334960501
  0.79955865498146195     -0.82276923534388668       2.0786554542501596       4.0926772965492235         1.15612850469893
 -0.27998980276433239     -0.50523117615013868       7.0386531717550103       4.0880523386677954       4.3511650759253779
   3.3370430466926999       3.3215705968920095       8.2519969863807709       1.0593055301317769       1.9457243806767339
   2.4496741310312737       3.2714514954055947       0.5026179408956839        4.937858761542274      0.24129365989832907
   3.1017379558106115      0.88071907832287222       1.6882519510169767       2.8284895292296452       1.0305249568975661
  -4.2346399742304577       4.1452032982506539       4.7563656138510702       4.9311713122630891       4.5261594795806417
   1.3438995552504918      0.77011602319118744       3.5178183920348003       2.5304989385885204       5.4098056523642075
  -3.4874836131838682       1.4429073602072076        1.105650455865804        1.225978460121492       4.5323225336428212
   2.3062637668397321       5.3180755670340574       1.1732401460400594       6.7929375900337412      0.15649219656088498
   3.9697473112140456      0.22490946356800912     -0.47563154730285673      -0.4732712987590042      -1.9242961280005186
   5.1595397937987357      -4.0885067791528833         -4.7457640227377       3.5912071390289801       2.9247898365268936
   3.9352484725317551      -1.9244575604784999       1.3248177877566487        7.578241844827537       3.2895781536604396
   3.1635859110244988       2.6090569133110688      -1.6632721410333193      0.58814866798002274      -5.4361539498418328
    3.999732560521267       1.1550958637120752       1.1202328775691059       3.5956591810115186       1.8439156734835538
   1.6117707042495293        9.670188634224635       8.8579164280114355         2.69143225727997       7.7882271512268622
    1.663886038142288      -2.2866168412648173       1.8716239368026286      0.77498029449158612        1.233601370906023
   4.7028632085924631       1.0745210112918149       6.1064282384408024       1.7641776119713246    -0.074328408302089644
   4.8946707265143106       1.8898892737375459      -1.4131567412047588       3.5472997177219754      -1.1177163066409448
  0.42318650785038736      -2.1682454459581058       5.4350228284002142       8.4566606595496161      -3.4227243952064557
  -3.3834654117022662       4.8714351238278342      -3.0285694202696183       4.3182532653536292      0.36978007074279806
  -4.8127517248269687       3.9093152166575407      0.97104382408738965       1.0738997652992337       2.6394196899614775
  -2.8821070677023455       6.2020873405723744       2.6087835003430904      -3.8880985184156351      -1.0492445472816909
  -1.0956341040587132       3.7474323302409758       3.5539516852131401       2.4891316441348899       2.5017761756138728
   3.0575179576720042      -8.4139143835058228       1.4177689073569266       2.5233322320685563       4.0356936166704482
 -0.45213479788643607      -1.0008767106593708      -1.3313939608876555     -0.49701790646578781     0.071733770845976652
   1.5294845005335818       2.6691554353674025      -1.7201161068868664       4.6709675775852286       3.1869065230201628
   2.8344577765219316     -0.56471161291958305     -0.29807346997117667       2.8961062283976275       3.3972085323324852
  -2.2037777229247757       2.5875956342232733      -1.1504308868335751       3.4586673797027592       1.6515340266706047
 -0.66567388090519719       1.5842878190740914      0.11251310164007511      0.37911634902343061       7.3890040121986225
 -0.37620185608361778      0.20316839807500342     -0.95344037395867431     -0.18815136418021039      -1.8765950565214036
 -0.52660196472421417       1.9696857815277851       5.3388405762922888       0.4329594746367178       2.5637636911691368
  0.51381726665419647       3.2465123684012926       2.5489831976202542      -1.4127724626830087      -0.8851976761230933
   4.0334294580593122       5.0548407584656729       2.5878731530588039      0.27478686664767604     -0.29693830477180949
  0.31803447529596163     -0.79107088037642859     -0.63334309945347522       3.8602737523912034       3.0398867912240513
   3.7669135904822566      0.13350199740776891       2.5687729993618929       -4.698028563158072       4.9107721510169284
   2.7510498585466889     -0.29372760133556985       2.7013596225728418      -3.3108382456384957       2.2625402690875394
   2.3249665238447976       4.2076741013661794      -0.9119012651639693        1.850685413909807       5.5190424702959806
   4.5725308088529459       6.2875105515490777      -1.6383195790665561       2.7170886276829869     -0.89491818660888667
   7.9162226694686302       4.8040914234732455       -3.778510600423199     -0.94857945795138843        2.744825478326173
   5.9853371574658336       5.6228260758107211       4.2791243949024764       3.3138622080258475      0.25081535926206255
  -2.7714911494952377       2.4897493969658742      -1.1302910806880169       5.3875254443398779     -0.39908894917006332
   3.2951214856453999     -0.52636210676910222       1.9085061922536548       3.7365864061012779      -5.7776873334441161
  -1.8038229290757637       3.7251216232004722        2.012889757144261      -2.7122607248099371       3.9559523224052624
  -3.9962163959092667       6.7287516873906448       2.0361505656661136     -0.32219795598367496       7.1548328971856643
   -1.700121187297293       3.2266698742454683    -0.057145222211165247     -0.67589279289092907       3.2082487462284202
  -4.4872856328027879       4.4410336176753926       1.1247929699062524      0.80222308969321909       5.7241568503708322
  -1.4721615003348214      -2.6551607318110717      0.89359206670368341     -0.15207860380833749        1.943639940205536
   5.6609460834191143       3.4131969363522989       5.6473833867915175     -0.64089249791602665      -1.7566871335185041
  0.40695256545354597       1.3326515550960214      -1.5436441719315326       7.2554572581769907     -0.72944641883560601
   9.4675277788657048       3.3623228884788254       1.1834498519074756      0.81882078481941667     -0.52911732035957826
    2.895946527002911       5.4384998924395695       4.8347444313064267       1.3369430945941845       4.9379825947760283
   4.6556543834265343    -0.060611460561178054       2.9827609198025105       2.5961815369674759      0.39583377973218803
   1.3554034866834441       6.0961174368511095      -1.3485714339941541      -3.1967623353508925       2.0367991613174437
  0.97204215697905716     -0.93297832375295187        4.050568036425001      -1.5018870632120591      -2.0514993811606423
 -0.47373609692843921       1.8915566096043683      -5.9793657334943164       3.1227981090228951       1.2490168972924771
   2.2358897770436128       2.6552805089836924      0.36074078761325024       2.7827975041631214      -2.8915436650627013
  -2.4813581636680544       4.8359521671827963        6.273506524801725      -1.5575190899583222     -0.24144122721230277
 -0.66514775421436889      0.84701052199130633       3.2048628204726639       5.0047970380580376       3.9539725217088399
  -1.2940888162719935     -0.91139902959522612       4.0461393973842537       1.5828495125925579       6.6807503492220759
   2.2574758129523791       5.8397843648281933       1.5076204137461002       2.1810021789581815       3.1674992259411443
   6.1247207445876937       2.8150922117411401      0.68323051539866575       2.0880004128218657       2.0534324320200033
   7.9660655106068834      -3.7175054065553255       3.7715220881963223      0.19606369125224599       4.8544281627267107
  -3.2641458467305764       2.6924926751570126       8.4238877775454064      -3.4810426690520604        3.863651729763085
   2.7694749051066774      -3.1059754883274335        1.004124410120957       1.3987862904698671      -5.2534047460371891
 -0.10276634177633337       4.0441525296162499         5.89834731430751      -2.7167846441566992      -3.3670698851319845
  -1.3292540688086336       5.7552756795446207      0.22668419325013489       1.3018162466729162     -0.61719088868910266
   2.0710587465635903       1.2498406748297068      0.54015516178728173       2.3694215978346991     -0.73270868464519179
  0.42021863648029778     -0.83253451515514643       3.6418611974725268        2.342490711188896       -2.817972829985262
   1.9210786360620666       5.2954274397969021      -0.8143378081974797      -2.2039529597252323     -0.17207835796686721
   3.9798395574619119      0.30875853809521958        4.478525323530274        2.826448183279954     -0.89791772115565305
 -0.91026945083732569     -0.57447758527178827      -3.0562696646055247      -1.6994244980806497       4.9317993110161122
   1.3361279019141681      -1.8466582564934657      -5.1726990474922427       2.4966285696413313     0.023867124034490095
  -3.1053166828443883      -2.4374865648815325        1.318305086530241       3.5054479778717145      -1.8875406481613637
  0.67451738859323429       2.5658101819394554       2.7182045511432338       6.3614913539042934      0.57977458413811478
   4.6121897919081842      0.82233025213556865       5.4345375411477841      -4.1110312279667864     -0.19134556433230476
  -3.2354369210451006       4.0371743698562526       2.1178023867723317       4.1541986321470601       2.5267273205308989
   2.8960438434313285       1.6116769523093544       4.5134034839605555       1.3090239910917878       1.1106325434678403
  -2.1055992492291722       1.1726182373119494       2.4647388044967937       1.5582521751010328      -2.4887667695774791
   2.4028484785640942      -3.1658933390034045       3.7244003668070418      0.16038710975853276       3.4397921267745177
  0.48212820489856711     -0.45105287050391851      -1.0058042688411044       2.4463560776909121      0.72990800704590741
  0.97505455334009206       2.0740702966155453       1.5551041626532398       1.0321927325006544     0.052408384826048815
  -2.8284709743009193      0.54568439221530896     0.058836993349016486   -0.0013530527790328595     -0.67011150798987895
 -0.84021190314004324       5.4335138377700005       1.0942644525076464       0.2286840148706375        4.052681569467409
   1.2204439788449513      -3.4814714978345096       8.3653168095655044        3.542986820544288         1.46177017360136
   1.9800819847150533        1.254374783063724      -2.2552770883717637        3.185251573799837      -2.6818935960366472
   1.2253454216029156       2.1031871949095997       1.8724593297422827       4.9329424407171505       8.0041348712154026
-0.065826605199336807      -0.2986480972586425      0.85345514816553436       2.8159580233984878      0.79377613644105549
   5.5870709183524312        2.095803910648208       2.8631321178466109       1.3556900411847999        2.552260875053066
   1.2163054462315159       6.5418919357321625       6.9190170722724291      -1.4925274225309493       2.7926623945144948
  -0.4522953927609743      -1.2400337568461981       4.3925430611486647       2.6777461912454119       -1.975097046611662
