 1.3045419091153119       2.5884109438349494       1.2506123114328416       2.3665097410528402       1.2893360510386624
 2.4769447142484311       2.2906471305303677       1.4009789259404275      0.85949232907575512       2.2121516531729624
 5.5195173503310455      0.67896829455152041       4.0309731276013361       1.4814203871204168       1.7060958136636537
 1.3502731107721879        1.173844697076311      0.71043967707597744      0.72143181973129988       3.2149302576925458
 2.2209049828967111       1.1728649302991569       1.3350514016040662       2.8152968425513905       1.4870156097151077
0.72456017073631029       2.7183978385592464      0.90735111228974286      0.63097532325006433      0.72041030755336588
 1.0209106778855472       1.8485780548389099      0.71078745353102968       1.2665177208272096       1.5780696237728959
  1.206153713479019      0.95062111033179264        1.533982435379408       1.2597282201324389       3.2754192265561786
 3.6199854642472933       1.9216192018597635       1.1976326187848989      0.44473642548051134         1.15708435147471
 3.1930849727533603       1.9342474020201197       1.4752812374796633       4.7341635182361843       1.1421925236048176
 1.1912018725159161       1.0445237539746541       3.0741096337687042       4.8685761466322104       2.3216089305895196
 2.1957074693866852       2.5793935390265217       3.1220895841757423        2.319080151411292       3.1961863274520019
 1.3567666713341193       2.5682657423500559       1.0765731268764882       1.4714888720597932       2.2360503697351337
 2.6689101890597668       4.5836879245699205      0.73299029910425639       1.2525970589251316      0.88148280195472317
 2.7601529649267604       1.3784354469698463       2.1322606880481141       1.2471977358322657       2.4782408862826806
 1.4875638978763828       3.7254981018882374       1.3842354336280367      0.91744074775259699       1.2873913564180786
 1.4389791286080411      0.51187672620573066       2.3961179587448824        1.472170684171112       2.8710745908126074
 1.6191662192807781        1.611449349610069      0.18016823192539178       1.1394943500203984       2.8505614246374611
 2.9197624602166488         1.12122059561232       3.8821987274099476       1.6655112450491423       1.9563569682128508
 2.2450399019673499         1.29297010522055       1.5071658799135843       1.7822664719501811       1.4431408207041045
0.17050865212712366       1.9672772978796267      0.89315714792054612       2.4618233600259538       1.4127585290334888
 1.3549421948632256      0.89764015419959642      0.47695117373305945      0.53428897695117106       0.2746725970140993
 1.6755067662001211       3.5795825672470869        1.816524718508246       2.6108356803782358       1.0030466383747725
 2.2114898077289618       1.2547477252439649       1.0958817316528593       4.9688863194469128       2.1187010373356618
 1.4089636414590996      0.45292317276179911      0.41489905599788368       1.2104522489210896       2.4194830307565485
 1.8756899850752984       1.6120604164597965       1.9321590471310321       2.6198453580335017        2.808151995336936
  2.045952433569298       1.2422746997051346        1.980613055475263       1.8031656242995218       0.4459147602310104
 1.8631971765075552        1.723975026869526       3.8387359657651485       2.0837749920685344       4.7920101756015647
 1.9061982106251791      0.65714857886675171       2.7589832728349393      0.33968011304043505        2.458874093764337
0.53441241138354245       1.0988344918319088       2.9919527336246525       1.3644139939504172       2.7666739229701398
 1.0330656330479899       3.0226041542658293       4.4672923892401197       2.3027855620650812       1.1952333281528735
  2.035467024776342      0.77833806749597001        1.140049661133546       1.9313379616270159       1.1095023115296525
 1.1086413506695327       3.9658823109718564       3.3089633466524497       2.5457624617768686       1.9582741494046578
 2.0934293504798331       2.7341148068702523       3.5172769532481878       1.4722694552187598       1.5484537903160083
 1.0155581418075064       3.1323519483333326       1.3062022096665458       2.2072162695957869      0.25899827974944156
0.30590796710334606       3.2490956310988577       1.1532518050294411          1.3422214536427        2.425494356153072
 3.0549809274403139       1.6780631831835715       1.3068388184981219        1.561605849106293       1.0446067741927934
 1.4417797246170647       1.9806530555945809       1.5350972631437538      0.91855469046801896        2.175553081292072
 1.4369233015819942      0.38827250041349787       2.6937341323932955       3.0756430426599017       2.0669657301231923
 0.7772910139781235       2.0383425114424205       3.8055045857096226       1.7511787965948902       1.8268245427611285
 1.5663152147781634       1.3440184197598093      0.76274929511469491      0.46377448676549066       2.4821006165002628
 1.0536628814645181       2.1738018214229684       2.1644560561082216       1.8174434951722822       1.1891665146098056
 1.9314261065385079       2.0024964499792568      0.34790823762116901       1.6308974413842978       0.9901763264859238
 1.4823547605365461       3.1514000669237077       2.5485378999216097       2.4273455141146498       2.0251526838561893
0.66052079765093163        1.100756651021332      0.78899575878787631       0.5660962389962394       1.6724544112304729
 2.5806863823187238      0.45276613284098677      0.27426231530234246      0.31507751751108981       1.4317086813459163
 1.7823594202195367        1.007591542717776       3.1717720276105843      0.96224968121541843         1.90000123096087
 1.7622166586580901       1.5254035102200649       2.5461014822912778       2.0625542099988543       2.0055219346167314
 2.9360475163870485      0.91703688787025317       1.0533916406459565      0.92854360863380481       2.8507059352302271
0.90979744033185861      0.59923326082299011       2.4990910744912957       4.1238719121294309       1.2382006212441465
 1.1007489763519334       1.9609230819442562       2.3950415762178907       1.0363341279836649       1.4488200490327305
 1.8999136281991122      0.59511652494340772      0.99786760414055309       1.3912236064979981       1.6907659841835483
 1.1495373505238875       3.3000415359193633       2.1012082715629816       1.7053746863230221       1.7470638462355803
 1.6135116336628799       1.4950455398817712        1.137739850747054       2.5063883571228027      0.75592389826447592
 1.1663468092508713        2.632018777717049      0.83669731195986452       3.1475305629196662        2.532509037723893
 2.0681803052262291       2.4534207198937072       1.9446478591792304      0.53379756368124209       2.8224536798761788
0.48385532709221979       2.0272992138761796        1.347055500988098       2.8119220463417482      0.51772276422182528
 1.9587754100566612       1.9989049181783523       1.6699338888322912       1.1355201072622927       2.1427742267273899
 2.2913105679196297       1.4596198526298072       2.1118656414060508       1.8643745469403761      0.81007242938624235
 1.2967745416024836       1.9184099939232062        1.286857823616121       3.4019697514989402       1.4406330409672048
 2.8460027071644625       1.9155930289158096      0.33529026398959211       3.7395189150938446      0.53071524201185261
 1.9254939343486484       2.1846518069075995       1.1187095669066991       1.4327322385731527       2.7518584669727715
 1.2031113045180564       1.0906190768692452       2.5435142505091712        3.191454478195523       1.7448832663875335
 2.9067510293534742       1.3310215417200624       1.0961965603570758       1.3832674537856773       1.3583662033952264
 3.6657390024035723       2.0881847037454531      0.91350564390063616       2.6800278697995785        1.628164533268228
 2.0988191468225263       2.3813550180080445       1.1254565892540032       3.1105392853869374        1.592067126617567
0.66644545524701404       1.9547474931554623       2.4148107725022014       2.7368566331054298      0.88745992514297556
 1.2244961076356433       2.3250056248693456       2.5533467695566094       2.7049148251618358      0.29130741982830144
 1.4435741885239366       1.0086217559660182       1.5431139171677863       1.0189231604032578       1.9183431658452008
 2.6234055050302114       2.0091302589283511      0.21707244901158756       1.9687647213971562       1.7499810329552428
0.20980364363274889       3.1601801711828781       1.7769050756068496      0.88610185342618719        2.079299915849532
 2.8656850290486138       2.0301212185695241       1.4696565765419585       2.1840159365210035       0.9344644957693834
 1.7423992366342209       2.2550631839528683       1.1634812363542508       1.3925015319963756       2.1631197784259917
 1.1582207927826822      0.93893553532943574       2.6876065274302743       0.9543598205012489        1.692042107905982
0.83592966089027021       1.9655345394194748       1.3781591842468601       3.5535948049514339       1.8896253880109322
0.84955270239539604       1.8860023679463807       2.7863462868683913       1.3270920600651621       3.1297678048694491
0.71875730038753338       1.9137814138707445      0.02424161421063431       2.7335739959521015      0.58525096876997984
  1.871625843175845      0.49604835220232418       0.3047018950131678       1.9651930722912396        1.341278887376967
 2.9250172564079002       1.3476100608421422       1.1843129885288399       1.6351774734143469       1.0983232691679681
 3.1477686033995917       1.3352989186763562       1.0229540892710216       2.5448183501341499       2.5723856697220358
 1.5348695026173991       3.1412394499306919       1.9509623320300551       1.4021645559062748       2.6914871087337575
 1.9381608777728345      0.25620089249679506        1.131676524143747        2.488884613198354      0.84301145896441032
  3.224589435593725       1.2360672649543714        1.647770897562514       1.4447430281537983       3.3417248508868735
0.70901865751440718       1.9439328165421896      0.58433500453487441      0.26752276391532764       1.1764812149646784
 2.0247465126561135       1.4613273541608507       1.7262099586659163       2.0874239558395398       1.2250570985259968
 2.0906758531871388       2.2941508895102674        1.429917867460831      0.34430810343891133      0.70983405553334245
 2.5590131828795393       1.4631331295348113      0.68397283848612023       1.6169064790842398       2.4820194086805016
0.73903499496237912         1.14783646309277       1.4929696497934577       2.7567299761818158       3.1415316976261214
 2.3656790703111406       1.8378250244374861       2.1137436430132897       3.0526965989004244       2.8880902227475151
  1.993881443553507       1.4199978696255242      0.27150361368456977       2.2278100511185146       2.7446487976382392
 3.0993545484783707       3.0223899409146351        2.285768227243723       1.3181106105266958       1.8103648769613223
 1.0957104026739561       1.1024157013931191       3.2166407967110255      0.63092108923127388      0.93362272918786504
 2.2726828333681719       1.3485159375733162      0.78715911761760404        2.620089834252501      0.19889563675478655
 2.3445211520444995      0.85227153150024848       4.7200140289582668       1.2490846329434631       1.0848530702214867
 1.5075692202435578      0.47903189683249925      0.88231871744630719      0.81606234866702487      0.90245641778329233
 1.5939986882031538       1.1126846346685761      0.96068876589658325       2.2037589855724846       1.2814129872539526
 1.4847051142843395      0.69913817805438438       2.5219819975452813       2.2782410963442916       1.5729891383015175
0.94729259815359412      0.27685450474930184        1.956609286991764       3.9237185893679705       1.5735964333743737
 1.7333464030940102       4.2652033670073806       1.7700665901630186       1.8724117439744401      0.26882856161672597
 1.8731347909435805       1.2930120835165437       1.4951206050147863      0.95536363500518706      0.46896293992837734
