    1.6700694131540661       2.3617931302967055       1.6677307897286369      0.92292720360420177     -0.30567517709279057
    2.1412476614271521      0.90724018579068155      0.97669678226883661       2.9106174771259363      0.74949891299372151
    1.3126444580465251      0.17930502355580513      0.47667731456178442       1.0751848917101583      0.89282227226660482
   0.71115281031501631       2.0679576131391397      0.99968636353181739      0.12323544118737706    -0.068865534873103096
  -0.37261146787444699       2.5062651789543562      0.88508447766207232       2.1932701342435275       2.8249145824833595
    1.5411297514895081       0.7974396756045351    -0.058807879522805306       2.0714452380142769       0.2507696630852041
   0.19062246280478101      0.21371620328268381     0.056651161162208252    -0.087517006904527905      0.16677880922035326
   0.26683235012478712       2.9146745352979018       1.6377722650650184       1.1770189490675034       1.2979474911504718
    0.1195416240888405       2.7914655110196489       1.7907112165554318      0.59032297023573022       1.3019343040723941
    1.2926231153596506      0.13828832264612423        2.401210800926286      0.96699591713179889     -0.20699145084066295
  -0.31961321212164662       2.6917253549591651       1.2741171842175096       1.0442547237240467       0.8353865427972772
    1.1796031247272716       1.0255465707007354      0.63778980361684812       2.5011985047633205       1.5548499727236966
   -0.2248327426733252      0.35991531166764701      0.18377043323676001       1.9593781409744806        2.909147658194605
    1.0839897177677862     0.073535139906331981     -0.21595315862576725     -0.32981981119902093       1.0604239883994877
   0.16327286023324494      0.48244929038441331      0.36894450323339933     -0.29583834326259484       1.9222055464501624
    1.5129039846324821       1.4216120437341726      0.83525236644083356      0.40586856389837334     -0.32262415649732401
    2.3263030441706647     -0.10547284290111292       1.4988521404448181       1.5993427214035263      0.12687081774492714
 -0.095120904574810483       1.5988864266114597       1.5050265311763718       2.6826818720912913       2.5946117802174857
   0.39213193197469731     -0.28063389542553363       2.1956683339112972      0.72769701539023701     -0.22384562067911795
    0.4357715071049082       1.1257585296151875       1.5728354816730639       1.0865258146274765     -0.28016871989606518
   0.78557744561198262      0.72137137992129308    -0.011470349814921788    -0.049545002750981615       1.5206492548600736
   0.97437440486542837       2.7404101868575701       1.7394541744069447       1.9854796426139081       0.7474874614733712
0.00035517468925183593      0.62425763609697238     -0.13913283864558101       2.0069103777241226      0.34741742889616489
   0.96819903117896122       1.0376049897111894       0.8315349310561444       2.2078731833549901       2.6093198120414569
    1.8559131257695654       1.8067004469583035      0.57206580216851988        2.735032912145305       1.8795570083515194
    1.4168501803073035      0.88188821288998542       2.0723194779218375      -0.2199072211900166      0.85070323386461444
   0.80274066996560178     0.072793557867070424     -0.15575591134223932        2.266938629206686      0.94805755766308175
    1.8085470300244322    -0.057841626675533941       2.1242770892289693       1.1650029694020407       0.3000760433001437
    1.8650708119259005      0.63106234092051772      0.41815372685902208      0.54509828650865821      0.40819738393840876
  0.057562818744712585       2.3446817230025339      0.38576846266542231      -0.2293137052725025       2.5444699544649629
    1.0752497471627858       1.6951038818836102     -0.33744751895802927       2.2246552234915793       2.6663125043713003
    2.7190123064870475      0.30325568363139788     0.060583717514673951       2.5932408409472885       2.2051573738041834
    1.5067062285473762        2.861031142647958      0.31466540148095701       2.1854518757782384      0.42212707547254336
    1.5312034069580176       1.0691536193227431      0.33050973842896292       2.3894994941059537       1.5508826369306337
    2.1488435900190597       2.3820517888025803       2.6152771399378461      0.76075626646534789      0.28978690387451844
    0.4387633126937982       1.4041530445911343      0.54058119551967621      0.25456096066780654     0.042721942667272472
    1.9151281636829038     -0.29404377809678617    -0.056271234374464685      0.87313684169053829       1.8946921143765012
   0.59704006576317414     -0.35450734478876256       2.2090313186433459      0.46975770536769701       2.6316119634777149
    1.5082809282699681       2.2198164278338819       1.8281311273372776     -0.30614693910414648       2.1037096214110433
    1.7200499089326315       1.1009289780438825       1.6469372063362711      0.59180683722881033       2.3414616112593132
   0.94070176372809367      0.57680434998289654      0.75868070260890819      0.41719485419624647      0.36664431853823731
   0.44514582323025365       2.4744996989896215       1.9035111485675968      0.29220945134053533      0.90058061343007556
    2.7128571668477846       1.7908260583272413      0.39451998651479847      0.77330996878874803       1.0061028051837053
    1.1059141716680896      0.56344543669064795      0.64053618630116593        1.397444044198844       2.7143546004394707
     1.379718633432198        1.752299270872016      0.80330587076427462     0.033625656771290702    -0.028346866008290394
    1.7201634990242949      0.49369957980334356      0.33881885735897099      0.25966726328061007       1.3780842222267757
    1.8301113251094754      0.20033683977423622       1.8603705803555832       1.2371230142357541       1.6750804307766549
    1.0732464045430445       0.8406979751818946       2.0544030966526798      0.96752389590394616      0.54906882422751235
   0.19442581475261167       1.3987411020226701     -0.34395487249105661       2.0507828452708328      0.27626532630976863
     1.916875127814516       2.6833723247239112      0.79872587188228539      0.61369654267611373      0.97207124193457162
    2.6784799560691877       2.0976993558830572      0.41564815446323933       2.2893556435990385       0.8208274149145538
    0.8472602742662978      0.11099859567485759        2.687341774479326       2.6412764922468304      0.15779624680130411
    1.7332102902024182     -0.36751184605652565       2.1435065409849696       2.1505140948311059       2.5747463691784258
    2.5620396407193171     0.042543965206375045      0.87626918923579566      0.72703038495989614       1.0780800727377926
    1.2183681328793416       2.6520355798061179       1.8890329979214489       1.9993106748919511       1.8373449504581481
    1.7035774721016297       1.8433299350245835        1.931702845824566     -0.26607523624876617      0.31810171448611035
    1.1591526911406804   -0.0011423446149303462       1.5733531001971133       1.6566871065559012       1.1793992223026069
 -0.016394617798577205       2.7950991878026406       2.8011382015238855   -0.0064443351785277159     -0.21215921197042342
-0.0033670473121862887     0.017335395481867133        2.204155710143886     -0.20988532981847019       1.2612784336131106
 -0.020624973696557136       1.2496637709251233       1.4016655810190546     -0.19466231239286635      0.51398337341445455
    1.0954388308534591      0.81656197923938567     -0.06606206549745175     -0.29043411924229412       1.8831461940367984
    2.7244613687354851       1.1756142242224648       2.5499143192844116       2.7792689136571025       2.0939825084328505
    1.7167787847598495      -0.1828702584078743      0.47359408065027353       1.3580136630498134       0.9167516591225271
    2.6941491061112326      0.71315552975469021       1.1541622693802702       2.1212644571244024       1.4690563842378053
  -0.16933734572402637      0.49680259277137895      0.71575399236457082       1.5714373210069992       2.0419517218799741
   0.63693362538740916      0.43534744438173656       2.1229802255407306       2.0639533699015202       1.6434658327452376
    2.7605342475733563       2.7536360049152115         2.27519400414225       0.6781554987604409       1.5430643520001901
  -0.34281247969314377     -0.26987817368023093       2.2760805277352105       2.4247799835590067     -0.14380866715084917
   0.17737407265031235       2.6164540720920821       2.5189541125925246       1.2537308459667131      0.85928637505364758
    2.1180218100358714      0.84029561552180865    -0.088077468318053187     0.002311410817244175     -0.26608693823242491
     2.377512584944165       1.8116776055941139       1.8294283627751375        2.306323425031791      0.96465868717756065
    1.6244331150943945       2.7732863619103076       1.2827199167337331       1.8258457887169315       1.7965399193779343
    1.3339089303013441    -0.066094420248173247      0.73149130340651791      0.88418441128198522       1.5232790502702327
    2.7377170468780587        1.886916572090354       1.5672852698220852       1.9975631994115122       2.8470597415568233
    2.0715540299684925      0.98546238099940986      0.78557207306375365       1.0059027502046429       1.0819219967131617
    1.9389910972815378    -0.007753009953280543      0.30584859752919558     -0.19227563571233164       2.1925646434564054
    2.0831552512873559       1.2477456281136037      0.48898664169789929        1.555518688546583       1.5041775836448956
    2.5096675726178468       1.1477055577883275    -0.051159620976059417      0.61013798237269179     -0.30734762734040455
    2.8079602133100456       2.5203458307278468      0.11868825746858058      0.97595510943006647        1.315265014638646
    2.8667510561280762       1.8040755116398577      0.68344891028429355        1.559119699100697      0.96931355991447476
    2.6576895095266577      0.54121658870875788        1.586538259198524      0.66561712594693134      0.34918913920403405
   0.55943736143165423       1.7939304648481627      0.13082835013247029      0.10975303153233962      0.38428461789268453
  -0.18337964364740089       1.7551030700522228     -0.17016540057142615       2.8985059074550037       1.0717155263065936
    2.3351374532462783       2.5869637280092075     -0.35134271468845801    -0.021943300253991049       2.6618552849644082
   0.21600741994056416       2.5377833100672049       2.1807483875958833       0.7271795003292395      0.67690203006252425
  -0.26165474437561831       0.7302041945436194       1.8761120019537043     -0.25165265152674032      0.56225914841572155
    2.1710577341264221       1.0335667147020382     0.021035473719648756       2.6701563140244984      0.82470720926973862
    1.4085985250553756       2.2782189023902069       1.9990314084612724      0.85563746766666848       1.2724643070650514
   0.71820418165663569       2.6724278505695427      0.15764002514379483       2.8906812905785335       2.3104591238085783
    1.5331105908524847       2.4862060447479921     0.019902342533931305       1.4182776084394282      0.39868006331668515
     2.445848606869792       1.2735634923911936        1.873162227178133       1.4838875357231678     -0.30350180628605372
    1.7450607480541367       1.5538120273298621      0.10138915467234821      0.24367914580519368      0.61771528288374489
    1.0107775810678472       2.6779209680311773     -0.18601528434807801      0.33484699815366403       0.6076091645651418
    1.4263939298111061      0.17172233908275958     0.068734798563674149       1.2261795589177327        2.351435239612985
   0.22517637567674886      0.85966240599283794     -0.32822384669573457      0.34807803817212546     0.073536285612138208
   0.40348994823190243      0.47991341640489471      0.24770461834871838       2.7179451730393387       2.3139480750164081
   0.30154082406035043       2.3664760639078151     -0.14295572249728861      0.54009271689485727       2.4675889887099749
   0.48083273063621135     -0.14522007368836531     -0.25198039471018907       2.7715649134516989       1.4496143190804407
    2.7369730990609078      0.55134339106125141      0.64001020139167442       2.3151112687717692     -0.31583745365209559
     1.742402301019613       1.4565617049839454       1.3267018516043709      0.77786232756034068        1.300557412444072
