2.4444444444444446
3.2799498825462954
2.305942126712369
2.4509926573949747
3.024625336252358
2.598268787102318
2.4576373483044076
2.6598739299040415
2.7954547755385133
2.964379938628738
2.244427250634489
2.135596765500119
2.9156663152113964
2.616381985987271
2.9758390706621207
1.8114979417029264
2.1947872258137533
4.482849835683096
2.3602096366518683
3.487580970524248
2.7756781793785406
1.9923584627113717
2.8697647345818913
2.830516099803604
2.6424697587076316
2.168721007144081
2.6045079983881783
2.00697364790355
3.009451347629329
2.511941156457734
2.3894431335688044
3.2669573384318054
3.852817164139976
2.5220226707452844
0.5245739185931848
2.277137634990721
2.696380547541302
2.2823027174794803
2.9349042063390773
3.037518409287978
3.290145388462934
3.042785206304374
2.9740093541293144
2.798103609275714
4.217448987484917
2.553474123855546
2.841893368083106
2.892230593985321
3.311628723313178
3.2310402019429456
2.852846047496762
2.569903468391804
2.9726887209847033
3.0199320302080332
2.3283001292544236
1.5811264183082963
3.583966520103014
2.786820502144698
2.6896884322693855
5.0925703786446475
2.595466409771204
2.376154372262333
4.101301001956616
2.8899539874116464
3.1627483191120316
2.324445972010734
4.279808921403756
2.6161388254715012
1.6191500411534707
2.9078902590705953
3.069661138447569
3.128272275368527
3.186898345635907
2.6344283111213826
2.970862245164422
3.015644665907365
2.518775647408286
2.846921930753866
2.9834169240611597
2.4865940358127085
3.0564533415249913
2.373947298035936
2.662885505411483
3.6661251831378756
3.0979521225044317
4.172652115176806
2.4537173024051735
2.9014652226451316
1.682562621083361
2.685898465512512
4.689250612999744
2.442619143221945
5.196004136245403
3.1279771010991357
3.0361571662529987
2.5395920320005523
2.8097103514133783
2.5131788732001636
4.716664346470553
2.9701668540704422
3.390353145917282
3.5605566390020558
3.7307774173912676
4.734348898895609
3.737937835071964
2.3415443112254306
3.74516841307801
1.7488102267706496
4.752469838865287
4.756147336346908
4.759842806625615
3.763556337538705
2.567288017352754
2.7710379347657206
3.1081395122423823
2.6535928393497903
4.782398006092732
3.161221769582536
2.790064220705887
2.5717032285714327
4.131138884956401
2.6350379487532187
3.5199084491463157
3.3095600030746395
2.8135165136465683
3.373047916173883
3.6214876384914607
3.8255024422293626
2.686679724402396
1.8335910094758692
5.33766496524089
3.3417588313880846
3.5958727052241843
2.6500066845314807
2.654160867570152
3.3583353530805953
3.3625302402857757
3.866745628893585
3.1566959048134966
2.3752383115875184
2.9795158075354427
2.598099922900109
2.6381336169926786
3.4924741353379174
2.396835866819496
3.329790343682441
2.7389567177260754
3.9100493793541133
3.24783033852953
2.918966367634206
2.7984575729000083
2.9279707277446527
3.4325059394409054
3.2703966491191325
3.4971985206587526
3.66053071053208
2.4508695186005642
5.455516642085643
4.626853143825321
3.7982124681498184
4.219594726598485
2.7743333645891273
5.479095161420664
3.983880230275812
3.1886886848904346
2.9935206395562517
3.9983762091235535
5.00325550900393
4.008158655173015
3.2130857641732433
3.1608940959737617
3.5230123396875
3.028012042145397
2.8108139571055597
3.438084870652912
2.8209360139004502
3.762542110611138
2.8033794724388703
3.058527586232942
1.0637008600726858
3.735566083587843
2.074123380342437
4.329372874504378
2.584648024181746
3.5185203833305234
3.261942458900426
2.850628663218853
3.3282299171685015
3.7114130152697515
3.116844752667836
4.622303036247004
4.127787995744701
3.419014047246713
3.3610606868410646
3.1444042366528744
2.8166638765935184
3.655617517379646
2.9945986259331656
3.595512098400293
3.4226437839642676
4.011708103896174
2.898419480129596
3.589920906692424
3.1957363306624913
3.5349135093136983
2.8741192482145386
3.413353686945685
4.469283632436639
3.850242558969069
3.120119497069045
3.237247922399295
3.2432946446514794
3.963656632946414
3.255476888853357
3.1505015892505903
3.9344451656939436
3.4961966536266122
3.113533978096925
3.6197906204285135
3.2927445071127157
3.299062454256558
3.9054112786974167
3.867346686895477
3.943202163826207
3.424644528539521
3.5311183786078413
1.3376238679075216
4.010827817733609
3.850730383470192
3.2144745784036126
4.36396532134523
3.270631341397049
4.177329939860238
3.8840612759531705
3.057492176339029
3.397622801796267
3.5473104567462435
3.0779838749713497
4.132500362476009
4.175145797490554
4.265444154284652
3.939109884123596
3.1961431533674785
3.8817822244275315
4.210312979579618
4.038878444777755
3.4746216468009727
4.4818284704002185
4.089070515445251
3.1630146207382475
3.3608038163988394
4.344343038153941
3.8933943654371213
6.525815116630849
3.533272134784946
4.290765597144599
4.048295681821232
3.3558625677967395
3.3134664349277463
4.0711074639498745
2.5787858364820475
3.919835068364135
4.594255342994626
4.157602400223876
3.276543091914046
3.217744270832388
3.8478727906556736
4.233595505974636
3.641579272298438
3.899602057170271
3.6576640512829766
4.999098779594692
4.0739064346667355
4.4820872100015166
4.690307966713807
2.698568900202022
4.278298778248108
3.4652120838793525
4.056928062992116
6.232018343404171
3.340483125335624
4.9989892766517725
4.201981443978995
3.966126497154005
5.77475797367312
3.583431634252675
3.12548101838945
3.600906333254463
3.809707787031223
4.485218922254016
3.541725663431923
4.264942507530008
3.44534585730767
4.15436449751417
3.752316102830204
3.2058675553333202
4.048352404820496
6.390881979924393
5.233456499229646
4.034409515722495
3.918741250129341
4.178118590921995
3.4375417609896157
5.280344317644006
4.156526485958272
3.466088492105504
4.1185543728879646
1.9853529281234392
4.280770101603052
3.7548061239538555
3.903492972961779
4.424449929132693
8.034343893158255
4.266508433540527
3.954277119930898
6.564316856469031
4.502977088137711
6.5845437690224955
4.428064759142803
7.1049688720766895
4.3652563511570825
4.2255941075728
4.564553815612459
6.146421436479844
5.156911504014053
4.31030998183826
4.035188549079922
4.633134759106897
4.03272029350168
4.09902477159123
4.320937337754592
4.342902693175013
2.242698873623814
4.628659471688746
5.264673636780152
4.942408297359389
4.17575260538948
4.96470682523027
4.30927122253359
4.15389050869402
4.45689828529968
4.943294821916374
4.35474705609401
4.241255260039697
3.8778197072908878
4.246583529864728
4.901118432550317
4.841424692915261
4.724645447026565
4.561495260885829
5.2817363209121035
3.7937022434723926
4.186679027269331
6.484476481919377
6.163285370816751
5.258820268283106
5.521081464336311
4.53340258374495
5.545783919368587
5.558225765498058
4.370728417862469
4.883292173636225
5.595917331446092
4.275270858044959
4.871353054985645
4.34844993958044
5.247038006813073
5.159974705536428
8.672974628955998
4.543180943208639
4.2991653873699
5.712356844889979
4.725612772172569
5.738933484296599
5.585652631214191
5.432437197758198
3.7792875036497513
5.126203870172542
5.139853286847114
4.486902744771874
4.834019236630802
5.276441185272633
4.98678796752816
5.7091075332656915
6.556495453017944
6.237285394180435
5.47369991467021
8.93240601848938
4.746737377955358
3.9611387781533667
5.642277228055639
6.9901530716406715
5.104766654568066
5.319451657520074
4.811986207320968
6.049037321389786
4.063938685526439
6.328912876142313
5.593960249157581
5.109081162231879
5.524275974772812
6.139545047944492
4.754888744676127
4.170307429670648
5.68580146941337
5.201371232180713
5.342017088048946
5.482739408902992
7.248538568445261
5.9787006564902505
5.1692577964337865
4.963067510341357
5.712511131655546
5.614414440125715
5.2021111538806
5.3613159453104835
5.277743488695415
6.394251317357321
5.910839823669273
5.205287179699744
6.194260448333088
5.711093361056729
5.906579968764289
5.495006387796831
4.845420641222263
5.82925170646399
6.3464999915010365
5.763832572972983
7.581249862856376
7.098752275141193
5.866340225840677
5.6340141330012194
9.651774416712312
6.50295483244985
4.687555804419511
5.705577758900159
6.2236877909206525
5.6418863309366944
7.0935071448410545
5.57855066730719
5.597017335132912
6.2600186983618755
5.9770790075955995
5.5672463251150655
5.538457604256327
7.890713292595704
6.243061458944546
6.373280333042466
5.9480370357268
6.717332023387869
5.986721310202029
6.577633928460043
5.025784626990726
6.295459585457676
8.565230700084616
8.585098440809368
6.005063279866445
6.291792358464956
7.145286153466541
7.1655451440633735
6.185903145122889
6.206360640532556
8.226918116544718
6.647576061788149
6.268334967279665
6.289195326435796
6.110157635084518
6.331222391477035
6.4773900962996205
7.123661252685517
6.83948081067135
6.416515944986906
6.938100499511672
6.659790542842509
7.148253257194746
6.603489160636652
6.650498773768421
7.172615953067874
6.069841224236225
6.925508448877254
8.281284824509854
7.192726440136208
6.826500498476683
5.682607538204808
7.03882587840451
7.128489396360768
6.876598638683638
7.441487487987929
7.2981564962395815
7.1549395514354615
7.845170544283199
11.868850034881115
7.225978586064863
7.416556763420808
6.9405851352994645
6.631397606162346
7.488994749928871
8.013377143323337
6.926767588110855
7.348214285714286
