  -1.7545261363775038      -1.1995587188925922      -1.8078781107317128     0.049563287876231377     -0.48461001412865623
  0.85656932606662273      0.63961695752769632      -1.1920194983840138     0.025107145703104961     -0.38827556109320438
  -1.7892732591262233     -0.54076995458527366      0.96514806356352745      -1.4497116284132177      0.37598488599142965
 -0.08537104006957319      0.79473449396733065      -1.1428189256532093      -1.5865088824231117      -1.5324710752388542
  -1.4558176184226435      -1.3657892002736349     -0.82580686528816605      -1.7345391915950834      0.49699849921309092
 0.034043764509211982      0.49526279306351184     -0.74221415609775532       -1.301519999315452      -1.4228998958598975
  0.14305029964088212      -1.3596685564596711        0.708945723145602     -0.16887052520745921     -0.25681711566422893
  0.54013231716186128      0.83096849127780326    -0.019612423966431314       0.8403169200609153      -1.0104374671204124
 -0.85050095492690259     -0.10143462061263092      0.75081862153482215     -0.86168762688519129      0.04587142376879505
   1.0793660211964993       1.2214679553741059      -1.5623734965239917      -1.2283687841329805        -1.11237609972709
  0.65227734229340184      -1.5963665331053192       -1.225260571302583      -1.6293780912828084       1.2022180784638827
   -1.515072485723949       1.1345004245866899      0.16624629412951197       1.1732412819545317      -1.6360909153447352
 -0.94220519966581839     -0.69302575456608251      -1.6333739987920051      -1.0578183311364773      -1.2535458115796825
   1.0507355484131429      -1.6236162970728363      0.52722981948454384      0.15320982666484867      0.14951221507375467
   -1.483128253196633       1.2366293103309358     0.083193587414816139      -1.1790131506984469     -0.90943108593131128
  0.67630949986700872      0.22972263680996557      0.70374975842923648      -1.0674365905011498        -1.40008831290409
  -1.5111503017991661     -0.49833647827403954      -1.3256161374679154      0.52866242293821519      -1.2354544130075835
  0.60671056770782494     0.061060427010977691      0.51122169652803517       -1.340222550778263       1.2069883403565789
  0.26981849245368172     -0.73227253209339516      0.57201749310952188       0.7824238185643817     -0.89286361956085714
  0.62310865782894576       -1.144164978841681      0.96739680012089302      -1.5375387154941094      -1.0818816675747511
   1.1286082675519744      -1.7161654415431618     -0.47089471326389321       1.2807393767454125      0.26378019321436075
  -1.2737893159441096       -1.348425869740983      -1.2400698686490523      0.24171030660029375      -1.8228924134543438
  -1.7715869950487591      -0.6486168396428833     -0.87244277989156349     -0.93262945726616331      -1.5878615293575544
  0.81572422018132773       0.9530922164966269     -0.81604776485759145      0.92260565584112819     -0.85159454610153595
 -0.33105954955556638     -0.43301400691016523     -0.43028298341700089      -1.7406681836806555      -1.1239808006456338
  -1.4908941218848939      0.19255197464409418     -0.68519690664921651      0.58442200562107016      0.37555486796371373
  -1.5532271917766971     -0.60272439274787781      0.15383301365649471       1.0146937024462435      0.39127979129474644
  -1.4702669625731704      0.82704142945755255       1.1503865148919423      0.13243562844851586      0.87355368480554585
  -1.3021421442998662      0.60153536740668812     -0.92375375839158314      0.45654536022678582    -0.057870437853787232
   1.2575540222715675      -1.4370046133376584      -1.0583489140368931     -0.36078687015094413    -0.022005218147614636
  -0.9266184003572302      -1.5417520134528475       1.0932053541590248      0.57789356000813552     -0.14739762837961889
 0.069278991639208254      0.26429164564711627       1.1102669666860816      -1.8138376291587075      0.89605078830344964
  0.87480786964736712     -0.63497378138388383     -0.85045915180471043      -1.2209706419802671     -0.41647768888784509
   -1.057760115914872      -1.4936109415391492      -1.5932482845235056      -1.5455996964163916     -0.61680427867703536
  0.47698029671614006      0.14814088019448407      0.64786128986866487      -1.3022702632549865     0.057617980749401998
 -0.56141474406377401      0.14110834045874443      -1.4205848309437303        1.161272488915674     -0.86605286543891813
 -0.84836142920891155       1.0638505123606194     -0.36832143500473064      0.86597178896922156      -1.5148783911417008
  0.24355039101333897     0.091893170635244603     -0.43612921588570047      -1.3997839923949196     -0.65320744043076162
 -0.58993917690600373     -0.29239711937327589     0.088298273569596519      0.26558697803193421      -1.1297566166033035
  -1.4568838448972981   -0.0016157652826321589      -1.4324350478547909      -1.7141025315861429       0.2099132686121008
   1.2767319885837565       1.2880679477805697      0.06934337613599284      -1.3651685016743083      0.63442951744906095
 -0.18770351079714076     -0.18669656512967922      -1.4161926362959232       -1.248719546028755     -0.46837485526322131
 -0.22105639826041595     -0.72713973781770269      -1.4696083775593565      0.21670692205055619      0.13939334483279703
 -0.80247893594212882        1.290527788688836     -0.43325251866866987      0.88862797859328424     -0.94866345439737676
  -1.2089255341678056       1.3195945537197151     -0.97403728421745983       0.8785182731780472     -0.31561559153784785
  0.90879787386559907       1.0146315482755321       1.1671864507126626     -0.26474127972905021     -0.83518644726537472
 -0.98431734577742869      0.52283296935330259     -0.19282194335189984       0.6478596464546349       0.7951425610153946
 -0.12270699807550579      0.27834895902892764     -0.41983061014611628     -0.96272870228944474      0.52786279418288018
-0.082031443083271205      0.49668791415359226     -0.85476413220774417       1.2412306462173039      -1.3774235108135995
    1.228113746748426     -0.44965999771221066     -0.34250066464435336       1.3148828057153708      -1.6193698541456827
 -0.97888569567111483     -0.56510070469235862      0.64329637247003779      -1.5678793925864543      -0.1435281592135792
 -0.99115948663028131      -1.1433231686120935      -1.2994695868377408     -0.78729793444627305      0.53038902064370863
 -0.85030467456653991      0.96841141207837134      -1.7651309417514602     -0.98294776592620403      0.82238866001380817
-0.063476250610536161       1.1607047403979451      0.41831440931660802       -1.149585764198561       0.4562828295342588
 -0.63332284794709459       1.1826105058061811     0.088768746142150357      0.60377673440261304      0.98747737306364702
  -1.0546404369817419      -1.4979045248921441     -0.52040629356048684     -0.67511235056739072      -1.3184301537639227
  0.31475408173777242        -1.65210752409401       1.0738495642743189      -1.3465428728173077      -1.1963007383561233
  -1.0052329526124781       -1.315660345381481     -0.31837402271756182      -1.3115305309362648      0.96946622357832868
    1.222480083537248     -0.15836262612913596       1.0784676600639591       1.0057439319070531     -0.36680345192110131
 -0.25348278011788378      -1.6146515844160361     -0.25561429450341505       1.1725406539698831      -1.2414473208829877
 -0.47557077969074735      -1.8042808939074655       1.1145193268265865      -0.1901991619788504      0.46970675860525968
-0.030087408117507292       -1.544873499910056       0.4021578863900549      -1.7781040208142704      0.97452844531122329
  0.11386735312720864     0.096039579542170739      0.37349646196593878     -0.50250751744796396      0.70237212437374452
  0.73094904098300151      -1.6581201563334367      -1.8219454608708112      -1.4481373233546839      0.84541913926154755
   0.9657179592034395       0.2572353830691303     -0.11781224190254008        1.191814785403958     -0.12472586745906705
  -1.3275774061576477   -0.0045462953195794242     -0.52266416318946141       -0.976961372135013      -1.1697370420288904
  -1.5528372985412762      -1.6016476349339412       0.1618819574348736       1.0066642363049048     -0.14890846260912885
 -0.84029920421347692       -1.067989725403804     -0.10726086825579331       1.0115589843790047      0.84646928326792659
  0.09577782560175524     -0.71920708492811014      -1.1493465385884882      0.63085296342763986      -1.1514390641734171
 -0.63157573988760785      -1.4333317798817318    -0.079997521767056129       1.0549213994146107      0.44375662764213619
   1.1081231744765627      0.51592353220692355      0.90833955593760729       -1.783490487766382      0.90808341795756098
  -1.6551676876042372     -0.41859666304196425      -1.8208455329067139       1.2154884644390171     -0.33719764749946879
   1.3259756129844522      -1.7805276816784135      -1.4385957524615931      -1.5971384743814698     -0.37143234694137239
   0.2854166339907781      0.33234552152182018      0.62938508214510214     -0.92938691911068194       1.1621636524491774
  0.12694839893374726      0.96587598249052142      -1.7716996483280045     -0.28357917845842079      0.16255858539791945
  -1.3660507051187245      -1.3917093180591942      -1.3827635024515073       1.2513862102797093      0.72901898889770045
  -1.7443068492907308      0.74323160574480474     -0.81714970207161308    -0.029065440130887243     -0.55903015981298299
-0.015203202942951355      -1.0320683956859655        1.041969558678016     -0.96490322739445034     -0.81402020830904787
  -1.7411717750932552      -1.7589755821087152      0.11742158200734981      -1.4258719902749122     -0.63136052199005221
  0.42723820737833018      -0.1480235871024615       -1.785979907787925      -1.3428052078373101      0.45089484367590027
  -1.1555813560503627        1.137749710039925     -0.84583574543103857     -0.98131541312474524      -1.2223126576543206
  -1.0246639202154957      0.61111581835389339      -1.2232417955749881      -0.4561086518893146     -0.27763076497765604
   1.2132749812369734     -0.54881060211345223     -0.96013835171497985     -0.57696388376817653      -1.4523190283229348
  -1.2578619425024435      0.44720878982804246      -1.7515797063382572     -0.48360683875652177      -1.3913947630361694
  0.70378900702169611     -0.30519642950891845      0.80618344243955953      0.11816505562590146       1.1770125837633156
   -1.709161669497044     -0.43292657482831998      0.59504797446109337     -0.41501556480367308      0.17083322163873871
 -0.85294671046077497        1.161631101901148      0.45785516051251196      -1.7983072089028092     -0.44094450597209744
   1.2403166149360092    0.0048663792296383401      0.78097649753253862      -1.7275249414025671      0.41523618152936015
 -0.98711107535427822      0.65655251325597064       0.5958931884778853     -0.56784235375149672     -0.15145079272549361
  -1.4488041400368157      0.43765173744188057      -1.4529674421780567       1.2796333335229249       0.2391847013461339
 0.095857542123309158      -1.3842480105848796     -0.61378063363536461     -0.10970046977373379      0.63929111146573059
  0.21667670097587438      0.36801178781946342      -1.7477205837238021       1.0662672705334357      0.12970974365664373
  0.94548700161249277     -0.58413677056021496      -1.8324100468998898     -0.80522418798732354     -0.23913186167635536
   1.0183595870221835      -1.4300574325051598      -1.8142957735871028      -0.9122603120298941     -0.29231154401868609
  -1.6673719778245273      0.20252491933877204      -1.3027422494217535      0.95996067794672735      -1.4861110208104698
   0.5798877494646314     -0.25369990226403366      -1.3579378349699511      0.64234516557123977       1.0795115660042935
  0.89610684801165763      -1.6330270051001523     -0.19647763697638915     -0.58170873737025253     -0.46015194178486313
  -0.3039219906977122     -0.17088768313584696     -0.50385431995108931      0.97062569961950174     -0.47803346309950123
  -1.5976352407300607     -0.83582830285373488     0.052698886896656916     -0.48226426768622815      -1.7433843331973842
  -1.5479239865410852      0.88334231599242075     -0.95532486709213738     -0.35274392338478161     -0.21260071264460217
