  0.66206741546620962      0.42245985029570815      0.41837860216937256        1.816660969794079      0.73066342704035747
   1.1689799617752414      0.35767597770084608       0.9447240611654798        1.721446181525508       2.0971709220242292
  0.53841215026766376      0.77607937221753176      0.63377571576936442      0.23704632711342605     0.001083230192193305
   2.4796197116652756       0.3475933830671582      0.70848297771724078      0.79786718224914244      0.31854668001918879
  0.43961291894175214     0.088561832837998303       1.5279920161791363      0.41835850095789978        1.133774113676798
   2.3186925170195423       1.0560784469148081      0.03723921890636403      0.92946757785917555       1.8340113194039398
  0.10515489632528892      0.96233729698286896      0.78612359198707371      0.25958647596394585       1.0951159701664226
  0.11604468428894102       1.5976728743226336      0.13694901407702417       0.7851804377973266     0.078886848857154079
  0.83415884990652611      0.49064880760732338       2.4518308630859504      0.25445093679223041       1.1745409577632149
 0.020249126962197626      0.15200046465443412       0.6606044100256131    0.0036070953483610386      0.56559678268328928
 0.035614768267653737      0.92710213616910042       1.9868403556367338       1.9088981991659995      0.07323037144393256
0.0088069961902572467      0.18366616558243756       0.8918798718179094      0.58397626726264351        1.262858116239753
   1.4213326689223693       0.6370342991385699     0.042734318211215032       1.8212016004298681      0.61794650884439806
   4.4917027860158614      0.45931496693183604      0.12100112045296194      0.24729608059946534      0.37061132495621379
     1.07245578995555     0.010760588916653459       1.3478011932715941      0.07084963774510819      0.40056789636052315
  0.81609874791385195      0.28579903266339385      0.48007927188830835       1.8843381784673885      0.31294041889160901
   1.1199090172548731      0.02333159706659348      0.93974905087156679      0.50330650140119571       1.0142473899037223
  0.21536662135261841       1.8036596779286125     0.078628978775986055      0.45639725844786033      0.66053796666262765
   1.1447473559657071     0.082713932396714165       1.9304609206832584      0.29098411286099019      0.17237247159727229
  0.61716420581550846       2.1853129183075164        0.183865515092098      0.92741198986786022      0.05393585183639793
   1.0382959664908429       1.6106737174763959       1.3439201011089761      0.39070494458423433      0.58149313634809852
   0.8172009191742261      0.35467671243848453      0.25281554561379377       1.2443328153558888      0.91052406975308753
 0.078558413372192396      0.76491699311856676       1.1243147456821958      0.32355305733522771      0.63289093600040724
    3.359952059842148      0.87788916216929269       1.2115697125943619      0.27629008639282721       0.9091268023062461
   1.5570195742493416      0.17587473417713023       1.1788580695573851      0.59811820984664865      0.99344985870506719
  0.72845396851920963      0.92216514474101763      0.01816608608347595       1.4216181887594417        1.519952694514944
  0.13360618143653843      0.38359822716883207      0.74087581253350399        0.664326124226574       1.3794119642006819
   1.1891302772703132      0.59429090427039299       0.3491291897240591      0.39818689756520204      0.54278889649542306
 0.051528078627873002      0.94576560586767799       2.3601755282979773      0.87127324008042006       1.8828339436250019
 0.023598489430668092      0.14115172763198644       1.1241100557468118      0.14271581780864848     0.058467497112314269
  0.75427379444415876      0.43187288949414804      0.10290044235454265       1.6146349738490811       1.4677997280252082
 0.011737974217405215       2.0408868300629965      0.59734487735815778       1.0632068832749864       1.4079748773386336
   1.6184034556355136       1.0181918008559729       4.4543301868062164      0.04957783186464957      0.25523961885534746
  0.21022594855423057       1.3596720998757987      0.58936088995271496      0.32537048808692104      0.30258908240557175
  0.42004611631377686      0.44578114790667611      0.14890739613192658      0.21840681594289446      0.78939030434284496
  0.36644170169475959       1.2305524598439657      0.10550405095060549      0.16134665221693525        1.849146424531015
  0.54911394546561065      0.54525222481569857      0.92377449317251203       2.3299910779546757       3.6921653927837674
   1.1636341672757577      0.24285506539563664       1.1111647182823536      0.67734721756697902      0.75937552383427398
   1.4906401032967762      0.03543635933699097      0.14192932741222244      0.24695805453338554      0.18305264211485373
  0.34926631602935054       0.2088004552465117      0.63573224062989031       1.5183092319822045      0.61915258229662196
  0.16940145868460577         1.94303746703378      0.52258481073837726      0.35244529298331384       1.7748646362314151
  0.30860025167918115     0.049053780181926736       1.2965787830149709       1.0766423980550586      0.16613282619184211
   0.5784129150468923     0.019898903144677339       1.4522922270460672      0.13420030538096556      0.32039864640969984
 0.043959233871478431      0.38404334679834334     0.075283590614279791      0.13723095374323918      0.61046502593191909
  0.40411444613054615     0.033425580515046495    0.0055996876344029224      0.60926097181466499      0.48370843226537474
   1.1419590576194498      0.85166373524383254      0.72446094447111342       0.7152884013934887      0.49343322807668399
  0.29245167672357353     0.080042619756879263      0.14635414895095553     0.030137091913826939      0.35595240327740152
  0.87531541831067239       6.0902030807666048     0.036193156631719944       3.6987001705497042      0.33559036700764727
  0.22249826574250522      0.55959047259485406     0.086364469405275174      0.70814779611065648        1.270648126154637
0.0014302363601193155       1.4730081342213115      0.13325358483647412      0.55247021466258284      0.17005737461651596
   1.0083672553627248      0.88899844340638745      0.29308159612780244      0.37019206113406294       1.2518630361407923
 0.054301763949355451       1.3574207549429191       1.3555334647035697       2.0463428282670018      0.68371145100389785
  0.27846401098596218      0.40226126538425966       1.1061396977609796       1.4984012827053088       1.1121822446970879
   1.8093465565093108      0.32255701329390829      0.64185218903260388      0.32652423700592403       1.0013464436606787
   1.0796452655601556      0.81018231800120422       2.8368919092798848       1.1711084885048384       3.6539038811704518
 0.052002882639995557       2.2505425455384134       1.0114740744796671       1.6372512106583403     0.057271205079873662
  0.56517728760340724       2.3502576242061841     0.015422021206901204       2.4190044133855069      0.50290905125642837
 0.096167755618462303        2.220130901673302      0.89463728460259151       1.3839967440846053      0.59071214535481875
  0.19189881448137458       2.0300072820440187      0.43022139054964936      0.51651021422819288      0.49802775834918522
   3.0795641277708108       3.1980129904043948      0.37829388196397257      0.10959049781315106      0.83745526300782425
  0.20037420352790938     0.020526853839795214     0.079766921601230778       0.2048813494860468      0.84765151240820402
  0.29025509216887407      0.23714781316858666      0.71279485827925859       1.5413030780495389    0.0090663417763503507
  0.10923649336423213      0.21894387058281256      0.28247524311437283       2.1044227132913331      0.57497110843679733
  0.41852277130774918       2.6178714379704426       1.2214847534267361      0.30538725006037543       0.2246154848308449
   0.3603355672414143        1.647171167502111       2.1293339805976346       0.5613011287586942      0.30823768406321611
   1.6906401154668296        1.032802387999346       0.3649201529941058      0.54050126841465296       0.1759737106656952
   1.1875877028324724      0.08678133364072288      0.28776666782883853      0.89269252175354807       1.0003915071346456
   2.5503259437530899     0.021806617184362737      0.93481718434055638      0.86848620902481222      0.96893401469301621
  0.62388321173333927    0.0045740500946089818      0.43047689898571534     0.073337826893926164      0.25574140730879713
  0.86119419595740254      0.81499696425531976      0.88599812862758032      0.61392188746281273       1.3000613766295985
  0.95982897330123129      0.94653018463736915      0.16263897038444608       0.2227888559466443      0.13996523470809616
  0.53889666074350484       1.2892580239357636      0.77455594346465173       1.2974973175810562       1.3651400531253499
   1.3123795328917891      0.22845044775390755      0.27581326199706308       1.8977448553092646      0.03683226541086651
 0.052715976755331358      0.25492323448966192      0.35138918056234203       1.2119720954486972      0.25008404997374417
 0.047468262821255491       1.2825174134902912      0.02775287728051545      0.44769504572610425        1.545319667880479
  0.40413758613160738      0.64246794969522769       1.2354952020154759      0.31778274663504452      0.12227286579002222
   5.4793885773675841       2.3763911623524536      0.39545031175552597     0.048261103279798559     0.054447860177214577
 0.078514524314492573      0.32505898895370255        1.908867521603588        2.472402729532833      0.44047426582078225
  0.29352233386876481      0.19017765722065852      0.46792462552682079       1.3928780085249026      0.70740524688093631
   2.0052394016414898      0.11347580764695088      0.12856194500896809      0.63508076859032181      0.62899381525557796
0.0027876367491528661      0.18594205908530065        2.463789869592484       0.8633493142964016      0.27263623205987947
  0.89030690805758161       0.6432584207725478      0.85467219219422053       1.8536304283935514       1.0365229817944479
  0.16290345208347817      0.81270364108250204        0.264271094900281      0.16185826869698577       2.7371751601748042
  0.59516034277467234        2.226623225793682      0.11578870305157206      0.70598707802232019     0.041123174006187042
  0.40978111623213925      0.15324372355908469       0.5320345669778983      0.32524589177804092    0.0029538660839945586
  0.56869592581981132       1.7268368669015386    0.0040434024646125531      0.43685609466160796      0.19171520585648563
  0.45664429028824788       3.9276123309622086      0.65192079943608738       4.4398254845851737    0.0081997520577597027
   1.3399238538664615      0.99336765416976436       1.0152109064568799      0.32991368876629845      0.55281630779848445
  0.40964560084666968     0.045351194024600937      0.57621489938789294      0.88387220088750185       1.5821022316662918
    1.435694694671205      0.30331364365286373       1.4062211349078095       1.0192844546692625       0.5903115426962311
  0.62231361976686905      0.73323662532706946       1.4155958218393192      0.59683385941542655      0.22902833398245251
  0.47758768841827326      0.11880426649354331         1.01234718543625      0.36396243120844657       0.3043046252251117
  0.59441106538706989      0.30266841969276648      0.21411653913154327      0.16994088614499117      0.10365808470283691
  0.13959024093490227      0.38279391278504649      0.38143201530651699      0.44460541114293889       0.2129684934742046
0.0029512786384153097      0.63279635308087168     0.025877159692279505       2.8448580219568691      0.37139005122520868
 0.021661646952387009     0.030385301547645672      0.19782341503222048       0.1779607020806592      0.99399781462307657
  0.22557595843289757       0.1499964670759952      0.42872487756820099         0.99885305430422      0.83844697462788975
   1.2387201771873106       3.5064366578025767       0.6141152162695952      0.14999193541666728       0.1381027420001486
   2.5511840348749586       1.5042002874670439      0.96046448378007876      0.28716826701001069      0.73278183595006252
   1.2837024734858145      0.56033954057012614      0.21894287060486378      0.38812047463733074       1.9403661049821481
