  -2.6961239750970241      -2.7631921795454306       3.6851044421839689       4.7203778845182738     -0.46160934913531415
 -0.77236626528133012      0.83791926509253034      0.48489362431997907      -2.7154356602017322      0.36824047929660564
   1.4342659724580971       3.0596485564637685       1.4356074625831128       1.2882691282352077      0.27176376186923368
  -1.9486831038219785      0.18053567008914473       1.2067902392634244      0.28626144668816833     -0.09538918446717215
  0.69117283131965701       2.7163277422892373        2.657677463394776       1.9898975718357979       2.4568723428501738
   3.9586819582204003       2.7984660112602553       4.5373102377108445       -0.131198264432836     -0.68976075077973631
   1.3148318154713006       3.7474716705376463      -1.7905102331537468       2.2480127540184403       3.0658839899243282
   1.5184377698585634       3.7445792337673285       5.9238056049335146        2.918093169123626       3.3357540223211046
 -0.45010577370455973      0.20881560574577995       3.2987923849827596       2.1756861067722877       3.8459478711165724
  0.48940591112449772     -0.14512838990983257      0.50364724345265977       1.4107647855337817       1.6170580999768005
   -1.187428709640252       1.7620543660413002       1.3946160650055301       -1.056490955262829       2.9641476470112438
   2.4274438557769114      0.25935436444018567       2.2912759305885246       1.7813818557966405       5.4588958439147559
  0.70736808827110353       4.7208193637336828       2.2840931936757669      0.56257392846409626       1.7717528352459484
   3.3105416465418323        4.567237669187227       4.1899783575833309      -1.0346197209978087       1.2853151440602169
   4.2667810578266518        1.860542224886699       3.9569390068384398       1.5416410597905741       5.3944662390566673
    3.929603318973784      0.76020913511154264      0.90436819704135873       1.2183378306870087      -3.6255801531348424
   1.5866984741952439       2.7363013020149056       1.3863650537411332       2.0648336507351903      0.69813673659563913
  0.59827574113120741      0.27743070804921599       3.2059817390782719       3.7508032444986275       6.7805551275147486
 -0.91872605196253332       1.3967115089837128       1.9136247390467456       2.8741662320191885      0.66681855626393505
   1.9097850232716724      0.54248757302030848       4.0541881546669707       4.4111998633799114      0.47957312915274497
   3.6815745635977986        1.882558811310729      0.21317271579491237      0.12356248417753468     -0.92388447194578927
   0.9418128700827102       4.0373736070249597        2.653870738585772     -0.16142929260721139       3.3307345681056253
   1.2949471677500703       3.2243967359958465       2.2675992239538112       1.4601189434976181       -2.785233525556071
   2.9585590511094311       4.0695089252365637        4.592539057713573       4.5743338989405986    -0.024105449918798483
   3.4802559269359321      -0.2670660372764242      -1.1746731131824619       4.4067704169522521       2.8546375865307896
  -1.3251281262565895       2.0389195811847496       1.6616783229278118       1.3950357073283528       1.6570636692010912
   2.0813733003089236     -0.41166698347886976       1.7728094148664284      0.40257751800116615       2.9746220427620775
   2.0726823032289681        2.470881394402233      -3.2739494930617803      -1.5436766756902052       1.9264960615521527
   1.3416896867144332       2.3463011195061436       4.2896583287560572       3.0755760443559748       3.0945929194264776
   3.5410698425084552       4.3912407830838003       7.5787459916970317       1.7082332387710428      -1.0522941686434177
  0.89280796574114285       3.9760200635042526       1.1709239614102318     -0.82132535683378327       2.1195766666813478
-0.080555583680480325       3.0363494673049285       2.2648385735932708      0.95519618721970412      -1.6404250034444843
   2.2416192654996747      0.59598758499577054      0.68124965738871246      -2.1942920134776762       3.3103645885056672
   2.6288295896192206      0.65725402515874243       2.4698052257588126       2.5660290988047647       1.0057780844470963
   1.2018487727593707      -2.6622374544879706      0.85986237793968279       1.2935247643731387       3.0407767327063784
    3.337418782285531      0.71559128203228994       1.4456717457242172       5.0968938303924212      0.52773820340265321
  -1.5381488003153052       -1.608041516871781       5.0693124152909377      -1.2040131905734066        2.352507429973739
 -0.60458997629868039       3.6191111310385438     -0.12488631493154001       3.7048198694507901         3.88087976287694
  -4.8125020869385935       3.5603597981384159      0.44680167224200829       1.9627318061901906       -2.510834471018383
   2.7586326492905111       1.9514551602326982       1.5001657423822963       1.8341373821215714      -2.2742112688458835
 -0.42783878930185493      0.86285361569051477       1.3810052969991744       3.1700103419498706      -2.2004028653326131
   1.1268045863358913       1.9615191996363788       4.6925194749212356       4.1746003106770484       3.4479636342627518
   3.7864785530607135       5.0416863397301617       5.9396787510544673     -0.59646781336510912       2.5137741874905579
    1.767578612802893       4.5024946716578604     -0.40082466824817908       4.4388385009995259      0.18013109215534095
  0.73217590627395257      0.71530143489209908      0.30956014496970918     -0.88919673197405791       4.8183752744881119
 -0.12749782126648168       2.0149217706512292        2.756670074204191     -0.60290000392993059        1.950417358916209
   1.1536772991690287     -0.70061968667665697      0.85802420482620578       0.2431175143336004      -1.6830979186774959
   2.9303881509564405       2.5043853018534228       5.8587524239387285       3.2117221962098048     -0.48708751206678169
  -1.5344219501389911       3.2172009932564265       5.1066439917470774     -0.59414769069326923      -1.2583820831019543
   1.5161033077436787       3.5563667461359447       2.8378750286613732       2.3652996518021645        3.671910274322276
   3.3084914567236163       -1.565950227236161       2.8476059422530513       2.5278802835531127      0.39363068850583605
  -1.3331589411657974       2.7232661457595855      0.94715125401419153       1.9848124341387965     -0.80889958895554548
   3.0703584831052906     -0.16067073731406611       3.2689974319788235       2.8285033325105395      0.44421628725729989
   3.0995837277314866       0.8667572091511806       4.0354604556226015     -0.81091139111759514     -0.10213364016081683
 -0.19842889034329159       3.3203267949533943       1.9583734762190834       3.7829420370810185       3.4571862099761859
  -1.5096771658921342       2.2883794992792752       5.7224013649904411       1.8992743426605434       2.6657709160940453
   2.5726652726194446       1.3151234461487322       3.0730400425070732       3.1982144911572652       2.2970480112821523
   3.3629807109596559       2.9384007484740868       1.4281153085257241     -0.41201242398769766       2.5360835218718183
   2.8798416594976186        5.103754295131421       2.4416670931174163       1.7697265584390987       1.7506453529111194
   3.2673156443904405      0.34649318302012011        3.970468944434435       3.5090777007496627     -0.33899190625795939
 -0.83046583421534326      -1.1843607576840451      0.82123197348687837       3.7967511083677343       2.8011935882110688
   2.8901856913113346     -0.78856881298731984        1.480046499184096       1.4823938309442133     -0.06989399506707894
  0.43810772688082733     -0.32935509416095199       6.6602745477876457      -2.2450174135271652     -0.59824416484569509
  0.47738474366260775       0.2459599599568254      0.66162108556322541     -0.65073783441698252     -0.60285098713118179
  -1.6179436206387066       2.8750868769798164       3.6539059990334306       2.1207202145509232       3.4921247597012979
   3.9780826166111289      -2.7343101310378182       3.3838509202882223       3.3334639707813993       3.7270360850831858
   2.0289259914278794       2.1572451809910529       5.0078338634027855        2.635838870621118      -2.0454852291059251
   3.7745664996525243     0.020083241249240213        2.768334310281575      0.36938141680151526       1.3480870348465879
     4.84357778853364       3.9767205123108651      -3.5337085351496049       6.3887271462636583       2.1909082102733599
 -0.73589334860273903     -0.14244570916810728     -0.13604855549782058       1.8125295201703793      0.37411214403056769
   3.0148497443116322       1.6760264590064655        2.738255626257569       3.4836164159054643       3.2633772687147076
   1.6332200926451701     -0.31525300652369559       2.2031978397345342      0.78429173891729731       2.1961495499763184
   3.5863157236275347      0.22415666654117206       5.7946944734954897     -0.68890854909196308       1.3381053501923683
   3.9938547805312155       1.1120277569810086       4.6230043272343275       3.1038307040966089      0.48572012097943329
   3.3887175128061111       1.1780651388851593       2.7068599551984418       3.8463299721843343       3.0864812408317475
-0.062485396682680605      0.55439910875638443       1.8346155772067805       5.4992379282891131        3.449449651899605
   1.3936177089210569       4.0373064154956486      -1.6023136754052616      0.54560194035089649       2.6488655250519404
   2.2166142764531678       2.8191669167123505       5.5855096207100949      -1.7697851425956883       1.1549185203092152
   8.3146622501483076       5.5686289297027969       1.9424782178476621       5.0675243069472584        3.600485854593277
   4.2444074879596165       1.0758754760375289      -1.5970985974832321       2.2166012900696836     -0.25056332812237936
   6.5493442634710046       3.9073393240881544        2.572966547198893     -0.71462919495597976       1.9644189662782325
   2.5333902667978534      -2.7626868534053455       1.8770131929514804       0.4820015571316858       4.6021340793208996
   2.1064019044224311       3.0052959525628653      0.45846748664859938    -0.044015287831051131       1.2604359904911235
   2.9519569786736839       2.4427272593708569       2.6989137955251858        4.106170573904727     -0.11773566850093187
  0.54815446236161813      0.87176236205007451      0.16947635691475016       2.9075832076192336       5.7546445520075924
   4.2759766416298275       3.1251012911531451       -1.179988761079442       2.1715376192886451       1.1398759256094086
   1.3279987575077477       3.5091395754308214      -2.0359541609194389       2.1667546810957816       2.5905308855654794
  -1.2338752451187069       3.8377602016124754      0.89361116906384808    -0.070678040114031893    -0.032988702554846983
   3.4948327994692416       2.5445428154464111      0.33890791468990566       3.7524462479408687       2.2660548307142987
   -1.644567560393468       2.9264689630532619       2.5874361205734475       2.3899068783604678       2.6440427482851274
  -2.2254685853196952      0.24004523216940665      -1.5057423487314074       1.1099333394460336       1.6697142938817999
   2.2677411084749899     -0.64727784663436383       1.2213818956415354       1.2709404597577336       2.3471285367527921
 -0.34332759646058575       1.0962741848791855      -1.5109764716135472       1.4457628207538935       4.1979924080133344
 -0.25867622515481559       2.0531381090732461        5.472963967646117      -0.2087670573461855      -1.2981638987161404
   1.3189003333632456       3.6636055633367759       1.4136594839979639       3.2220772077845679       2.0931961175080764
  0.63005883617508962   -0.0054041909306259406       4.2435473787003168       4.5932828528103755      -2.5350558593870152
    1.190734404905311      0.62884483254035706       2.7028767627873269       6.8722512277202696       1.7199571328861596
   2.2333081278632996       7.9268868537358816       3.5743806662651822       2.7217880943630011       5.7274184294311468
 -0.80182074730040753      0.34840698092140765     -0.77166732343948707    -0.072743083902673034       3.6429417813345317
 -0.91917972537670067       5.7059023508182083        4.309589956484464       2.0835431749499671        1.645514836611454
