  0.66191432601369171      0.27616729264234896      0.91839318685382354     0.036461567020320551      0.58406174948859657
 0.057528913813636805      0.40833322014410151       1.9136668269071471      0.49338329959101546      0.22603669075928079
 0.099978618050042295       1.5690002227145685     0.024346836678551587      0.68109480304137504     0.013378366968714618
  0.49424533862044318      0.77448476075418726       0.4422996960427949       0.9890900749315934        1.352988322095658
  0.36606181183394731     0.095167766960036967     0.020577251711814869      0.48479881535264263      0.27963044722609148
  0.19114043944581285       2.1824721552387181       0.1423958056187192      0.51525789447566162      0.46307638498516418
 0.095054547770443004      0.07691166226763349       2.5791183706757916        1.066496497656541      0.61625648912072872
  0.25979102111256264       1.3386629433702277      0.20241698244065309      0.43690962074288375      0.69943857688810029
  0.29072996193428013       0.2109743814510088      0.18278667567442075       1.2552568556316719      0.14491368225289586
   0.5883069551705814      0.36363373958438971      0.23008074945348803      0.25550557384556738    0.0025173137358930312
  0.41172131374857374      0.79962388496170733      0.31162418164160188       2.3683712477670205      0.88133089000294973
  0.17698557119371638      0.29358867553054607      0.79934720209933097      0.29208050338728153      0.12965527885783734
 0.064482786883049259       1.1035054561651849      0.13558823947593626      0.12391787083139354      0.85599282657120168
  0.17181901929513152      0.20931080437876634      0.77600022156346815      0.75937288330596586    0.0040264267920495636
   2.0912827405873884      0.26851174920696613      0.52069005801827961      0.42147786009631549      0.11565345452443603
  0.20649473478787292       1.5132911658944359      0.06062485562395082      0.29566595179705485      0.45012302770671203
  0.43274149616350499       1.5098620441068649     0.081388011336216121       1.4647309704390266      0.16601954363516827
  0.43356651125084333      0.98718117232847113      0.47780693174641398      0.36776625565435789      0.36558692327337211
    1.126120434419247       2.0635895715546395      0.60138577319881881      0.23237510558465133      0.11126912040528956
  0.10758903544120002      0.43674695885658643      0.26064784463131929      0.79180356411480401      0.54141337825735603
  0.59022109697732494     0.096407377946909817     0.049394146349254042     0.093366493513062296       1.3721563301322377
  0.73569140679495126      0.25315089349958525     0.050027218011861121     0.015407472922825932      0.27609025590722303
  0.56212999622703941      0.34313669695993598      0.27555497122693151     0.087556265450977513     0.049398411807402912
  0.51390127566116151     0.076816034482613288       0.5778986627328524      0.35759442342047276       0.8614691873334499
  0.31712362051306531       1.2209276362915285     0.083422887732448145      0.67033338978156798       0.4401447991440488
  0.30256879803498582     0.050631539471453504      0.42810647127389112      0.15338669585094197      0.15160214337245978
  0.48650233364748124       1.1682214945898077      0.05277292761121978       0.7558971335129423       1.7005057123122329
  0.48344953484461023      0.34630784229042683       1.7878290588584651     0.022882419446849774     0.028960126487581322
  0.34796500743815373       1.0203745895594698       0.3308705071286755      0.25071646056842478      0.14152979236809868
   0.2200853771263783      0.30495597724218088      0.17500241755042614      0.26791972729139846      0.30547239065733234
 0.026420063507660546       2.8273596536610337      0.90219359108136632      0.92217662273946377      0.88906441434970296
   0.1707330433542068      0.13946575718206797      0.57168272778366469       1.2619906658628011      0.36601345175023303
  0.48088623834820338     0.086109230927860464      0.87812896780184035      0.71677658236583985      0.34544667728282569
 0.096628276419404205     0.045586581876776722      0.59497430836312692     0.080045107040719446    0.0030307638486071942
   1.0537464150995339    0.0068857420954162394       0.4759538407669005     0.048891582493500355     0.082323760490493711
   1.4727830874752854      0.35849396446982795      0.31519427665697869      0.18750501843497738     0.020115953197968734
   1.2986841544746488      0.68455508578707902       1.5859705328853582      0.16867771270961524      0.20326494610019505
  0.94934536760064625       1.2047770182762485      0.31122297859727455      0.77174090300721088      0.47641589184048311
  0.59124903432703069      0.35567934738258256      0.67803981112664802      0.28952910628322687     0.035291805693930541
  0.62899177007415397       0.2808928712281083      0.74586550076060032      0.11020744467422983      0.38584835935272654
    2.335841138833973      0.14207050679150948      0.74230539427225228      0.47597118407328942      0.76740765494653895
  0.32354846109413243       1.3067487389379593      0.98150209556739998    0.0061039570648926313      0.48588202041361234
    1.233572188540959      0.21684960081783453     0.023392013476846107       1.2640160713357604      0.18343643269595653
   1.0082004925067738      0.34632585834951368     0.034908882366167578      0.59658478765591116      0.30571810527848098
  0.24158745356372149      0.92693174487854146      0.10499698197134999      0.35201231748204592      0.14639319955062388
 0.079586828152784755     0.033286379944304306      0.16645330176736914       1.4715726157682298    0.0023775156838673501
 0.013709378085492437      0.27654191483052976      0.91251217408806595      0.16831187791948016      0.02010097311902681
  0.29430297831411495      0.43020281261392496      0.53575738994345279      0.30760417348201069      0.32827348579991511
0.0016560345144668457     0.031409903720868472       0.8751257157237079      0.33390266563908977     0.019316844460184571
  0.31045481121382396      0.22137765940091164       3.5311012008142342     0.097821581715896472       1.1324872277459619
  0.34787208667076086      0.41689791464621717      0.60403279343964955     0.079929868504393528       1.5575684703323207
  0.58088931290045787      0.09171289943728847      0.18751760917912352      0.12438398828050677        0.624449531404211
  0.44302521160824554      0.33067629613234401       0.2465059490845134      0.60169298593424514      0.28577146381940549
  0.37252914894070083      0.31012727737542756      0.32048787052423394      0.41659398776105616      0.33231394201043801
   1.3882122143194098      0.20239622632467794      0.43210936185097037      0.14945663229271144      0.05460301213625382
 0.062507533761492595      0.52591743653671386      0.65447832469192413        1.159330940012985      0.32292140059020213
   1.4378014364993432      0.75069380273383313      0.36211659979116939       1.1599014573939994      0.44061508120752607
  0.43553076309267719       0.2869202600251663      0.14299398136421118      0.68753797885202073      0.32087000454768827
  0.09994647558192632     0.074984828379136184       0.1424002363688146      0.33860674012273917      0.17800199251781762
  0.48821263596110154       0.4721720192592182      0.28952687810553063     0.014556311029851637        2.149001590428631
  0.25649044753356609       1.1463368529958284      0.15265205722909087      0.17948225871978474       0.1165314217859747
  0.10504423946276052      0.42639120153315491       0.2297507248283901      0.61165204057233546       1.0227513076866386
 0.063397728711179921      0.63168201822677961       1.0990974894603909      0.64716964896144058      0.38695533845063124
 0.037467646401761368      0.47917401614688498      0.35925858175534192       0.0850908512534993      0.71355141122553811
  0.86960859357070741     0.095687487460725071      0.55520952009387436     0.048557294847324815      0.52320567408694152
  0.70999310503379798      0.47625034167524799        1.251629732116661      0.23486469630616774      0.21671574955462139
 0.056553505638823547      0.49404426716399036       1.0034405003463707      0.71655433741048269      0.93136723283894496
  0.27398901707327783      0.53564390576445864      0.84967246947407005       1.2718490139819285      0.67050582094086231
  0.35983938913224833       1.0311201400609964      0.20844804966834035     0.092615028913054981      0.84953449704278594
  0.25706002818379048      0.70686008592561411      0.44118582910563831      0.28169171745943533      0.85794404829877191
  0.10454335687126265       1.2829220040095368      0.19144370053078766      0.02797160260027955      0.58702457266692398
  0.33140052496630573      0.44376363799867707      0.71365523042560108       1.4679253554915219      0.06690240475905769
  0.83942806655211888       0.7126377264261945       2.4302286255154808      0.28176113259900382      0.39510676319233823
  0.41464046662589638      0.63629963179912807      0.33101191910437616      0.65873106055135577        0.475807424594825
  0.44558391597232805      0.44934194952146872      0.66936234580438836     0.099246718251694219      0.90239964245826942
 0.018129513388278382        1.116474759996517     0.029012735425910725      0.86905366641983806     0.016571111008787925
  0.25088996761950161      0.36906033781859809     0.051562468818489977      0.42794978638907105      0.47129655050364511
  0.19069883351302014      0.18244735982999991      0.49068001445127601      0.48970916729403835     0.088726978644489349
  0.17232249496061253      0.74138176944742418       1.9394616331904708     0.099981738313242807      0.25490965464169374
  0.55576325579989327      0.12702439309692784      0.20909923380206008      0.20486777439303652      0.51261886516997102
  0.34631427718256591       1.3661268246211717     0.093294887966121245      0.82526098896653166     0.068787729236628112
  0.30747319764256875      0.48907985663492937     0.015178102091409103      0.60124448381255935      0.12716994680784158
  0.97360815395632594       2.9846144966984709       1.5043949826796317       1.0558111371259675      0.40200188903985218
  0.30244186692705494      0.79320239072382481      0.41878512742292695      0.20907883463595456      0.10804333929314269
  0.19114187761036205       3.4881528246488709       0.2837140406900322      0.29416262477212812     0.056215425314330762
  0.44737232726880261      0.87404327194882336       0.1973475330852292      0.93087767570829472      0.44395779744535468
 0.093859654906972123       1.0228443982765525      0.17285622323071714       1.0041286415872777      0.57513111449027288
  0.16420545779175544      0.69106577364175159      0.22609908831543465      0.38958921180560135      0.27109065890598422
  0.53625278820898603        0.915265279001793       0.1674253355065965     0.050602512637880084     0.054147296239442338
  0.41427177776200041       1.0371670493284482      0.51648479844790807      0.31175233234210348       0.1856829520112997
  0.49916278061875746       0.2691248973629205      0.28451512998685924       1.7916321493768645      0.51144375366590378
  0.13342570964196365     0.054690499818741953       1.1302554600209658        1.533492367317308      0.16165023803728873
   0.1621395895537277     0.032826894024149948       1.4977846281093836      0.11382347773484955     0.024663365614124359
   0.4426883306669368      0.79199641507527252      0.01073083155833001      0.41756137836253615      0.32072867330175731
  0.19193630679818238      0.38237100827344511      0.65925487485172596      0.50427356641038867      0.32335332567952207
 0.029577046574914542       0.5134557784077789      0.27256446727062072      0.12397514065172634      0.61291650048544732
   0.1275846706625792      0.33946523265642198     0.020248461790312696      0.53008409282933822       1.3867548901284941
  0.18306849181955914      0.69737629704278881      0.88356732016080308      0.33094598265308739      0.89440952608528745
    1.161857307496859         1.40839841996688      0.86344001950360016      0.17856088487827113       1.2468592178065903
  0.49437436560329595      0.43535975263669968      0.56377011764518536     0.072213066970392772      0.40365852305268712
