   -0.7894930495481628      0.33218145125458953      -2.2537420788182176       1.6501538371938724       -3.317698349882015
  -0.36747497410453589      -1.1253505334079188      -1.7911052199266468      -1.4665092357835146     -0.54987322009249628
    1.6506964886610058    -0.063472126943672991     -0.10558022290363778      -1.6597220295462605      -1.4842184040246771
    1.1995458944859387       1.8163142263780396     -0.96691525089453312      -3.1288752463286733      0.23296393606036325
   -2.9347321780882085      -1.6868249590276672     -0.72959777176382823       -1.445508521994801      -1.6116895226758805
      1.84714387447268      -2.7706211829898106      0.92067264971216689      -2.1536077702215017      -3.1372664513314845
   -2.5920148680394872       1.5325860667683728       0.7289990668359867      -1.3515941193436745     -0.84064251279744107
    3.1659344440492929       -1.704699132141076     -0.99077753987955397      -1.3617894243802302      0.78589031352475303
   -0.6739682412646073     -0.48132410216857691       -1.857315609113416      -2.1757401728356323     -0.56690756868226033
   -1.7068488093240797      -1.9387313812929687      -2.9292142872915101      -2.8497176350403883       -1.297636144424597
   -4.2688766037931734      -3.5363128588219594     -0.48540284661572231      -1.6080305339968377      -1.6780411388346472
   -1.6408835502148009      -2.5302321929042906       2.7480416483570371     -0.97291562818735089       1.0563663252195075
    1.4999798577574111        1.127784876359156        0.698519287999537      -2.4465935062487461      0.48357615424646472
   -1.6646484306789322      -1.6686662544613187     -0.63241060856342735     -0.42635400464201334      -1.6921551592957527
   -1.7264257600980151      -1.2397240450221665      -2.7739651050907779      -1.2299219468084517      -3.1762671709935932
   -3.1222221168457795      -0.5108631073366745      -2.9811376879648868      -1.4185694678054479       -2.475537919706527
   -2.8970515817809925      0.90855460747364658      -1.8546488932328242       0.4794093280767433      -0.4569716967914037
    -1.933427176974134     -0.74987792012937993      -7.0548026036973344       2.7368796182441621       -2.765382752322278
  -0.41374135648979593      -1.4150609812735881     -0.32088430759773867      0.37565442271296678      -1.6230276715546461
   -4.3352207530175466      -2.3766568254255596        1.016496727162167     0.043857210846400374      -1.1948034776605672
  0.083785381124543257    -0.053075608715796085      -0.8175696046946983     -0.98895219888644148      -2.0647056871222058
   -1.7754666407534014       -4.377348157524537      -1.5261084816636663     -0.78648240016891535      -2.0075584681640146
   0.30553139957622188      -2.8987687347678874       1.1936067336688878    -0.055319038984495417      -1.3629701927487288
   -1.0036287619266067      0.19544095824013774      -1.6890652783218454      -1.8918118967836421      -1.8883485417645511
   -1.7132688419576343     -0.27315766742768144      -1.9345392294949759      -3.4128932547100188      -3.1695831303295305
   -0.1826703944913014      -3.0636664853917051      0.50245448312104291     -0.30190533047466472      0.19586906710559693
  -0.17880127599283491     -0.12721823168186808     -0.98767268117675966      -2.1328430250370651      -2.4852488932746741
    2.2818700509653276      -0.2365707997427996       -2.023769159146549      -0.3592059911430201      0.67902911836043311
   -3.1031072904544068      -2.9138562220014794      0.39294926276035325       -2.341156311237083       -1.552534820619818
   -2.1331091764754002      -1.1127930208949746      -1.7749212824772964      -3.0257474673829021      -1.4950242736939128
   -2.9772281634131339       1.5970245407833934       1.4150898902256688      -3.2686030557564085       1.1008029767944687
   -1.9195665126488612      -1.7955530701637432      -2.0155133542609978     -0.54151899773021905     -0.57391784009763191
    -1.814774599270961      -3.1781322985127378      -1.9581388961037813       2.1676052689656169      -1.6478312756746327
   -1.7112199283047276     -0.73958519170636317      -2.0143847144588269     -0.67210480402928463      -2.3353499439474552
   -1.7557376931387636      -1.9034265947844506     -0.41985854243506981      -0.2025185197876993      -1.8339149302656237
   -1.8228582664513229      -1.5773008423858184       1.1162067178602304     -0.76378137342697072      -0.3491811704777732
   -1.3804856088448298     -0.33258042477993877     -0.40460399204877473     -0.62409180040646128      0.37483007277453484
  -0.30332446810845137      -1.0853628151988386      0.25332151963112359       2.8328683753531214     -0.91886864711659155
   0.80639010200208783      -1.6141080928309592       1.0356507326870812       -2.261386671276711       -1.794585430280669
   -1.5874240688805872       -2.666854005964078      -1.2043544321624589      -1.2538189240211461      -0.4535552061099879
    1.9618269089714095      -2.3244964329718449      0.53913054939167204      -2.0872598923229413     0.090033963482184953
    0.4163114476009997       -2.653552765361427      -1.1981454593856902      0.15937740887534857      -1.6792216196088425
   0.97792545418922683      -1.9762931971857065       2.4029951338229032     -0.58346823563323214       1.3396805020628029
   -2.5834377729766751        1.853512196885331     -0.57522382708734321      -1.5263975850693599      -1.5863270744430031
   -3.9562416426278419      -0.7575563305073254      -1.8796684503263466      0.20480189354151257      0.45764302487867803
  -0.46730391794089399      -1.8859421474230738     -0.83400514064790021      -2.6247251115470451      0.57105599001966278
   -0.4391609718902334      -1.2035929232679123      -2.1830901052551486     -0.80326362494341863     -0.90491946543759494
   -3.7491436999226524     -0.59943230257302105      -3.4640494243546729     -0.67209879806439288      -1.1336598024584756
   -3.4020707766047082      -0.5496574776640295     -0.43033500466675523       1.5513104575494974      0.41510205641327302
  -0.42664088092784003     -0.48062181903202872     -0.61961869995276908     -0.12461059836942323      -3.9165266705108612
   0.68131357881076204      0.76887896106233078     0.062167363483112359     -0.94307156983174267     -0.94197173966714065
    1.1991924873803512      -1.5533032586613582      -2.3644883014193803      -3.1687429191094458     -0.88466514159675624
    -2.483167117352485      -0.4216963810880815      -2.2999922837148219      -3.3778434941126805     -0.40474592488859651
  -0.01777205144116778       -1.998068353643929       -1.791068777015179    -0.040422463390968666      -2.4290906660288334
-0.0021947405667213093      -4.0060433598249592      -2.6247344307650202      -2.1301190181255674      -3.2795229225587552
   -1.0485198690942845      -1.9224998278159382        3.360433358110011      -1.3870565207750969      -5.2678597654433723
   -2.6994644379247728       1.2989666004260467     -0.39511875769500526      -2.4040904737518494     -0.11412968417384795
   -2.7846285015852619      -1.5706463159134954      -2.0539380786682448     -0.70259652120950167      0.74858836775466053
   0.20223006528644993      0.65772557565180212     -0.30965815292116827     -0.62767934423512961      -1.7159188038820754
   -3.7196878256152903    -0.022309121447982028      0.99388683556217861       1.8279293702866242       2.8552931641810275
    -1.474055382605977      -1.9634813039756402      0.10036631474286817       1.9463585203372586      -2.0342670064779398
  -0.76917855137235303       2.1009330324802513      0.48736840323197894      0.72208144800025886      -3.1194240291303257
   0.77281116042207154       0.4174032990009322     -0.21831578064552248      0.75826782488378441       -1.232447513815305
   -1.5780210691780781      0.46458656319680225      -3.4365066627524179      -2.8901726256510187     -0.82533833145195179
   -3.2508868447203239      -2.4691972338828299      -2.2267829081232535       1.0687530843046522      0.10806500013372466
  -0.43315159999407959       -2.044141516778887      0.71918340811815695      -2.5209027224082683     -0.80064243376292321
   -2.1616503758192041      0.04993156576806812      -1.3172727085996128      -3.5859398379526062      -2.2328178771717848
    1.8809650761735486      0.94568367752541316      -0.5769728541307757       4.1292459613793646      -3.4622117975705708
    -2.401702699448657      -1.0393001008150431    -0.098227541993380463     -0.48070373464247806      -1.9463892219515677
   -0.7197540042597681         1.77485412640383      -2.6501705243619096      -2.0698200325766472      -3.2043552080769224
    2.3098676812105512      -1.2034868643185401     -0.68882033645306739     -0.98376225628856306      0.17483237246225247
   0.70990238919444404      0.16586337472347124      -1.7004712466576821     -0.88487428764077858      -1.1643558990828538
    -1.023978244039659      -0.9911431550641111      -3.3831182653864187      -4.3477567923991156      -3.9964200597791568
  -0.22087370586213639      0.77440105081895827     -0.35998957439014501      -2.1549957181992836     -0.40473314175168829
    2.8932048676410114      -1.5261015098010342      -2.3630744635030245     -0.13967949772615551      -2.4898776983009401
    1.2709060680337902      -1.0474029536980998      -1.8106309211467007     -0.93905734473260483       1.1895294225630724
   -3.1471371434133921      -3.4384012104522395      -3.1646532065928445      -3.6886498881961547      -0.9120904687946656
  -0.69756012155160541     -0.50727476998532028      -1.9727299048516582      -1.7922691997359412     -0.62548828874261808
   0.72729764001768737     -0.85132048991422249     -0.28503549936421946      -1.2395363709255647      -2.2712799521359548
   -3.4813576441187979     -0.14166131681446281       1.5475141906001864     -0.86492473040944928     -0.14988349050620342
  -0.52926456795251009     -0.44908314487549472      -2.8284548797326741      -3.7143614051126348     -0.89152209662259685
   -1.1069435565613843       -2.080178432920794     -0.43755792232540591     -0.58323049998583976     -0.64664102563742709
  -0.52974687736418458      0.07841616524069206     -0.14928243507022099       1.4787840169446871      -1.5150832804539363
   -2.2999290309957772       3.2289842069919019      0.69347731628160836      -3.5750546729209258     0.044972847033277752
   -3.9542951662988237      -2.0350579365995114       1.0430054792350552     -0.28623693942487161      -4.9454183311556275
   -2.7327519795490192      0.51268099105099485      -2.7868990996137972       1.1786405288403334     -0.72837395724832854
    2.0386649194161546       -1.931937989426024     -0.89723663057268022     -0.38084949189647932      0.70034556368788792
   -1.2066202345883308       -2.467242175333098      0.99577353415217429    -0.042958784590242494      -1.3052632344282544
   -2.5370242887038916      -2.8143108506486927     -0.11412312987669859      -1.7656316623113308    -0.060654428679020156
    1.3797210621631599    -0.065131866147014827       1.2698241820445282      -1.2963955434604106      -1.9606392846941625
   0.49114976644169528     -0.94277463757094992      0.97277650074556821       -2.849770470141193     -0.71693180042151372
   -2.3930453590883176      0.41783570970258777        2.797777984093031      -1.1932993336855517      -1.9419922540851564
   0.74364292987601366      -1.3042060097204864      -5.2381427237011415      -1.8912253586339425      0.85708610029592491
   0.80102430317442264      -2.8993845960763593      -1.5338255321357597       -2.061881120481277     -0.23580415912702668
   -2.2492305331943152      -1.3176992877148614      -1.5448064586781731       1.3463576373652839       1.2308910224710918
  -0.12257465715522498      -1.1160156143856135        -3.30129295087279      -1.1860973492467943      -1.0641984390213537
   -1.5967839638036412    -0.005180373982337283      -1.8404223133822282     0.023206424979882456      -1.0926090407328082
    1.0283253561908698      -2.9561607738019688       1.3058563920852309     -0.38900956475259085     -0.48938627197296747
   -3.0397487128197009      -3.9804280735758337     -0.90060342490597145      -2.6395920959612464       1.3482027056903263
   -1.6579679942721008     -0.25377587203057816      0.55849561538612291      -4.0560803164708155      -4.8659979779709257
