  2.5234726648150332       2.2168811411510223       2.9114069180956577      0.81790333347921418        4.866847917433951
 -3.5695412242719384     -0.53618477274713938      -1.0183265469648197     -0.86144977991907234      -1.9528203741077421
 0.34533352678318008       1.2386480132665774     -0.23171274051985913       4.7856993690054228       6.2600327389028241
-0.52331621123954375       4.4406529635860252      -1.0261971593463834       -3.318416821607117     -0.15595718150743587
   2.060748235219565       1.2918373853497385       2.6244063613074449      -4.1591484027592358      -3.3086836970744593
  2.1456501815370101      -2.0944882116254036      -1.3372576370434492       1.5406535654222431     -0.87073986180677809
  2.1265026207045938      -1.5684793014381575      -2.1726777718061294       4.4309365793971995       3.6746437871722408
 -0.1247728593063353      0.44269364237398623        2.558119126512862      -1.4096286701717844       4.0300032423996512
-0.81393724871266171      0.37891365196397719     -0.29933276584211876      -2.7640501561349593       1.4087347013857356
 -0.7855998426189299      -1.5939748461606178       1.9980136714376695      0.50281251231954749        1.780906144249353
  3.4377142704269104       1.4685430875643113    -0.089972402255686479      -3.8492250030830379       2.7920260042931302
  -4.482991121659218       4.6463210804980619       1.7286400547943828      0.99058833152745429      -3.3300504831880269
 0.33315823446094761      0.20478417322815456      -6.5650214180524475       3.3641024462084737     -0.76254119986683344
  1.7310909799951719      0.34115666782630527       2.3031798198337974       1.5770406404595931      -4.4160950760721942
-0.97050179305448592      -5.5029155735956206       6.3642694303878429      -4.6475679968340042     -0.37446834042476418
  2.3364340566868882      -1.3267795784487602       3.9813065876926781     -0.63117691379942897       3.7178790866285323
 0.73111347395463078      -3.1375769130622317       3.6055656478356095     0.055933759059617394       3.0394198061145352
 -1.8061050935516603     -0.19048411516278518      0.23825744050262898       6.2472715856843397       7.6351521454070781
  1.4120599559462021       2.4779566824182835       1.4695203799055609       3.6171404481558724       1.4277580588049505
 0.15499395173098385       5.3976720844891783       1.6546255649161539      0.77278366213327132      -5.3711320664723878
-0.25966062555926017       6.2031175487348698       1.2219235879618036       4.7716734595628694       5.8838510106742152
 -1.1418531227220683      0.59776879048255227      -1.4905328293257991      -2.1175854413493487       4.6924200450180091
  1.1196501479261545    0.0027772065175173388    -0.091034555702745212    -0.079371369503494549     -0.76523720205250267
 -4.4628602354565245       3.3322885552636468      0.42835165800351727       5.0736851951450781       1.5913106235157417
-0.22589023860141877         2.37427922552172     -0.46680029302156933       5.3365482675700306       3.2208920280574929
-0.65086140689844107       3.1793348648720161       3.3888297170938766       3.0772728216942524       2.0656742449344647
 -1.7288374435882776       3.2174609231523248        8.368300154745631       2.3760148809666837        2.977745398899982
  2.8499501866470589      -3.3922774649206162       -2.932902640664683     -0.77546581947291138      0.60996849847631829
 -1.2090119640158257       2.5212033021070992       1.3154174742314673       3.1197762470946957      0.82621274917225584
   2.521990910658733      0.67194155681710588      -3.2812871070663605      -1.4837622987099186       1.1976212150754115
  3.7956249173109722      -1.2850456111190218       4.7516156394825133       2.6211629695354715      -1.3710951271480236
 0.48074947651118033      -1.0899743400922404       5.0659309728465232        1.764637933866497       5.1041191708407077
  1.7528088574828191       4.6900115548555519      -3.9255957057015114       4.2740057621568175      0.95835981704281592
  2.8113751962566029      -1.4298639653896612        6.628015625883183     -0.30647051298593442       2.9488138367207419
 0.70284830429823075      -2.6797141822519963      -2.2345358540985072       2.8014912133468908       -1.562129959705107
  2.5226846481678291       1.5681092656320699       1.6036150608385373       3.2610628972983728      -2.2068420251179939
 -2.7550611955850366       6.8243463301858345        4.155842425792331      -1.6892671450605512      0.67361484158808882
   4.189481442057966       1.0146151219388906        1.370577508167615       1.3970801274434266      0.20009432972966112
 -1.9561213647112541       1.8420673301732289       7.6580877037957027       5.6141878486100847       4.4364776663628858
 -4.4122514512268403      -1.8059468355345629       8.9951806461062631       1.2688845652397061       2.7134733775100157
  4.9915599552239893       5.8394169763570432       1.3446164784402646      0.03664043381994786       2.5216436506971527
 0.75626043531394394       1.3056075966748417      -4.6411920601260324        2.276242829026272      -3.2887797156469616
  2.2535961692208861       2.4911695394462194     -0.12832048249064565       0.1347486005026679      -1.8921221933097123
-0.12324441345547354      -1.8463939784548273      -1.5421606548674838       2.2366883038938603       1.5311326630571989
 -2.0469033700334545       3.4391833252084756      -1.2982177346244663      0.54544052034701163    -0.078233438724652826
 -8.0532594624595628       2.0786637239598136      -2.3603645498276826      0.88619267003532176       4.7152679130537916
  2.7726333442825468      -2.4432027458232688       1.1686496799409989       2.2883287200065872       4.8647118725219993
 0.10084893742869827       1.0561295018851311       7.1048740864664737       4.9266413499386719     -0.75987212968047069
 0.36230687754423063     -0.37884498548126566      -1.1550945896896705       2.2622394220342326       3.5009112791398467
  2.1268327942347911       1.2595438652406474      0.11890211703852549       5.7638188610720231       5.0236091154736737
 -3.2138878694307462       0.2065881972248923       4.3535149663763342      -4.9961636325058905       1.8791922352664425
 -1.1948886325010375      0.38408367467608817       4.4891475767814502     -0.37491823537210922       5.6906529454785542
   4.297480864660109      -2.0829874241722677       2.3607640750820886        1.630463401420398       4.0490373283981027
  2.6894788104155021   -0.0062824491807047522       3.9424636304231337      -1.5043004322081046       1.5664083564257285
  -2.809834713502871       3.1830681789220066       3.4880066568719372      -2.7942479141215681       3.5057915043157126
  -5.508014513866188       6.0456097939811109     -0.17738285702258971       2.7455810569685974       1.5087615684937874
-0.73192008173732082      -2.4564271179857591       2.1949840291509597       2.7328988581794222     -0.27435020895089623
  1.5660900726822433       7.8973171865950746     0.064425802916189601       1.7867030507243293       1.9888583312527353
  3.6976927872827527       5.4058916969791255       -1.693631738924108       2.0967213412529162       1.0458356712520884
  1.2141174696284935       1.4329667448356751       2.7974104186665851      -1.6078687804836584     -0.12726160213011428
 -2.3446109479861552      0.05835036935225868       1.1372328516234935     -0.51665303691232878       6.1227123994120181
  1.8357998939334514      -1.1047789802982413      0.39222258227237738      0.62765548749860534       1.5873849835571336
 -2.4910035003795161       3.3769301861374266       1.7935694881668953      -1.0730992618244235       8.9302701012243944
 -1.8724349380526597      -1.0929295484923585       3.8303150407534474       1.9110783295314704     0.073103264464460582
-0.97332294808124398     -0.41186870952928412       2.0897517366697302       7.8616516547458453       2.5912390188043091
 -2.6579858138889474       3.5257324592508543       1.5091840455053798     -0.47141625269618426       5.5713637016209088
 0.14685171307182077       2.2156192084365767       1.7586198102833495       2.8345849563689338        8.926912058914283
 -1.6938703869235323       3.5641580182013732       1.0897262205331835       -2.087409953984424       1.8282099153379709
 0.10377073849821383       2.4169265854748758      -1.3266424404279169       4.8600317582330899      -1.3728583569254731
 -0.4134447776877177      -0.2333938220815206       3.2423439411910895      -1.8963555110536534       3.2909194549241967
 -0.2594047531586392     -0.56394414592086206       5.0629911638273732       1.5506356043137122      -2.9228602248130842
-0.53377481358674905       3.2703970007296528     -0.62320736930982945     -0.87048100674938289      0.13842156098402902
  4.5490696194212212      -1.0244053733147767       6.5814081034363419       2.4382420602321262        1.735447710403764
  2.7258861356460367       4.4125834801844093      0.42404236960946584      0.97305810664471137       5.2990030149141649
  1.1127046107300216       3.2538165685059557      0.22649562974426596      0.81109761421324311        5.145619539933449
 -3.3531840307656355       1.7818460600359898      -1.6869948512224204       9.5703386148041165      0.85917184137659297
 -3.8180770975268694      0.94927137915748361      -1.3789407473809514     -0.90399769541466557       3.6437117537053316
 -4.8100105322581506       2.0098075177895049      -1.8490467524030345      0.80263777689332161  -0.00039579759370511614
  8.5639259256215112       11.260639798292054       1.9755331736573802       8.7916944309820817       2.8746097083485482
  3.7854814663499154      0.61078468852861656       5.6135218150214552      -2.4159558981451568       6.5449308156874064
  1.6918840270620454      -3.6155362442095789       2.4834699118187165       2.5581789563281054       1.3985865868970149
 -1.9112809451938966       6.5443699729134348       3.4396500514190693      -2.2104213982176981     0.060311330774147298
 -2.4150009815448721       2.7245423929108568        4.866739065783201        3.955993109353908     -0.52351976571132819
  2.5424951573442005     -0.95628080915967617       -6.375045234534749       1.8983449553005753       3.0365810201934798
  5.5200426782196352       8.5994511360449231      0.44946842829328815       2.8482710223966299       4.8534006955107687
 -4.0157338142330712       2.5521845415852824       1.9729281830803875      0.12374413791523031       7.1606246932765156
-0.37532954979136002       1.8008161645050886       3.0388705497133484       1.6573824617266477       1.0979949556587285
 0.69314972668008878      -1.3365268406737552      -2.8788133426059828       5.2491354329809532        1.416954179745693
 -4.8897422284135068      -2.1766838327241591      -2.0038416115708784      -5.7182461079511668     -0.91178377623212281
   3.401732507453803      -4.2354269781302776       3.2537624255256654      -3.8399891172919252       5.6573173263460692
-0.27366762618430007     -0.29784229559833442      0.59868460329560058       2.1556984789008009      0.71902975365153343
  6.5358203395032639      -2.1420702091536721       2.5584456842608216      -0.9763484638599107     -0.44509658821552911
-0.20413353174349425       2.8354835027367695      -1.8714933120566788     0.072567914467041805       7.3320027756069113
  2.1373000225887164     0.010292444284581648      -3.8414865202108239      -3.4408974055753396       3.3099442380308046
 -2.4034816547667068       6.1167774712353573       3.1674799849062865      -1.7081645069392155       3.0362047421426546
-0.88883136856681011       5.3605439763703409       4.4320391461815163     -0.24300563441767653      -2.0029700503977401
 -2.4804329440782866       1.4198057544613125       5.7160395913190758      -1.1842154899344939       2.2098903901766707
  2.0887002799651038      0.11232319891468523      -3.5441170566776914      -1.5959350649547885       2.4620284726841968
  4.7496586760120758       4.3116391553832276      -2.9724634662757827     -0.29470288071056361      -2.2566193858009549
-0.79746026031625705      -2.4154201911066902      -3.3733761751479201      -1.8188793553450635      0.27904353615221089
