0.79417388146039447        2.270684077199042       0.8123945593964933      0.77267688525460965       1.6732251999509389
 1.4653384084873864       1.1848422863533754      0.99714449169086761       1.5440058363686451      0.96067291888318707
 1.0620315825270983      0.86939856996385279       1.6897695145687446       2.2787414551130438        1.110674467133095
    1.5568930496578      0.99299708469649617      0.71467602894474214       1.2594231371864097       1.1859827276339465
0.27691656070252635       0.3004584820196205       2.1852504988551695       2.6229617198820332      0.20291526158296341
 1.1450806880478777      0.83107441294975648      0.64141879798501966      0.13051203916941648       1.0698476603572695
 1.6880443902623503       2.2993131253364387      0.71086372235829942      0.50251695230444204       1.2511039660543315
 1.0494286866368066       1.8903718614813647       1.7149373954504323       1.3650855368041939      0.71284214643527544
0.98285675775667691      0.64682874647795707      0.20859020922303417       2.2902074774678112      0.64307144554408513
0.69711302455776858      0.98560188566458107        2.921793391526057       2.0618243195621893       0.8785796782219979
 1.0904426562127592      0.70271627080043109      0.21862732883179128       1.6368526100792213       1.3536479103248367
 0.2084550367974331       2.6332592590252091       1.0403014659569876        1.067515794612548       1.1850101186226911
0.41805223696606597       1.2885279987163696       1.6800122955471719      0.49971160929691316       1.0814016949259557
0.65345097366256666       1.3637593735678175        1.097197327666052       1.8814383940980548       1.0807883668101141
0.82567617862561793      0.67786428643501562       1.1889623338667543       1.3875236023141941       1.3337598984857615
 1.7204583993185514       0.8663533286300964      0.86805151950156534      0.72283835849074363       2.3978177097664153
0.85143706492487448       1.0909009960684402      0.34036834265310706      0.73512395242457973       1.2768007255676148
0.50931868586710838        1.367234985077596       1.0901740107975302      0.25087826082229181       1.5364472266591331
0.91495301205527202       1.2640869434136319      0.44592815278257414       1.0554740038054578       2.1934510352626821
0.44611092329251095        1.951146188552358       1.1533686390797864       1.4474557246128568      0.42545596069791186
0.99972604799392495       1.6445066528033567      0.32756815765060476      0.64837186387920842      0.38448413898628836
 1.2112301616617223       1.7130256409028011       1.1729829076202507       1.8900813200602677       1.7912711396104513
0.41814410752150977      0.85499440927503512       1.0044927716086984      0.74358382186021532       1.8774518641535138
0.35125306783303495       1.1260747198909444      0.90270459748450249       1.2373207677790909      0.91063496301846358
0.25461404695258416       1.1849219411920253       1.6814204417452114       0.9132387219543342      0.24764500862931546
 1.1739043955823538       2.1544273933551676      0.57576533971320187        1.768319970214282      0.78091168472516892
 2.0610402459481185        1.080172286385874       1.2921563347026042      0.11910661251369435      0.78993127252363471
 1.5875263779626845       1.9047476349596373        2.561024269372473       2.1167950368093797      0.94016269379227813
0.59549506143972197       1.8879942975176269       1.5203873769270677       1.5801117348455271      0.37264255426751591
 1.5394367530961528       1.8060446987377812       1.6400169327878416       1.1503220382194994       1.1195134238399627
 1.3994792600847412      0.48314162540696748       1.2495663174358518      0.43161543868845037      0.44051999506400497
 1.0045870464093305       1.6689624172530155       1.1907315654799249      0.50534808139044085       0.2736483014413586
0.49929784518274012       1.4736361172687193         1.12830289945111       1.8675615976048032       1.0555753141164772
 1.3396107571737124      0.99896630715992862        1.598104678263454      0.52326731075876209       1.0031142203481072
0.08156472456156233       1.7389490861863504      0.68329141711322916      0.79864171962561026        1.555795463161366
0.87532882071329909      0.17758305521290599       1.6206993273434445      0.88955627080757504      0.50388131923301172
 1.8796059310597817      0.63159209240955128      0.38268261015468602       1.5164856512910938      0.59758902191692731
0.95037965818576842       1.3272063437956318       1.4162341855695217       1.0457718644838137      0.62586121061655886
0.77279227873310075      0.54293181871268492      0.93457057611236938       1.5194263450934709       2.3946121036232082
0.87229239526443292       2.3818931800283756        1.667860340905694       1.0349999809834656      0.92428218966440068
 1.8894523299672727       1.9018939202296112       1.4001052314367435       1.5796931344363592       2.0433877704766576
  1.085686831876681        1.828857830018598       2.0490742544036586      0.53218202935973846      0.37267107030284258
  1.282855982014196      0.84257816631277482      0.67538601299309076       1.4443694375857512       1.1367764979540464
 1.0434650218779635      0.90878551603450675       2.3050963028090243      0.58165369241838705       1.2421826184583797
 1.4956153327644697       1.6645214209826458       1.2998422197155366      0.34101186873039818      0.41423758345501072
0.82014749352751037       0.9183148709798522      0.88286630497450946      0.78960480102309116      0.62239811708752735
0.75843357680678436       1.6682419744741113       1.1953088794158739      0.75392469314191923      0.56359903827762559
 2.2475952211538246       2.7235805405158948      0.33714079719954571       1.5792217199161471       1.4147649474804498
0.58539419419355498      0.64740507790041524       2.5664024268822185      0.56936064603856973       2.5408507610010775
0.58590363390977862       1.2718052790543688       1.2820889090236176      0.95615378478473612        1.863260710914227
 1.7416101072601589       1.3682977624467323      0.86237798708107927      0.41061183731993312       1.0924209096955044
 0.4430666418947965       1.6993792175808078       1.1721957639897578       2.1662906112132831       0.6832780810403114
 1.2228428145264096      0.70842996477454057       1.3103752459734987      0.34095444185335577      0.94345214914263076
0.45803910740860665        1.708890154694682       1.0938173823733639       1.9018278097916836       1.1785733194309116
  1.227727548965476      0.32453161537038239       1.1006867573537198       1.2688750225731824      0.86707393259827525
 2.1193412671364653         1.51637795521235      0.11752312658853369       1.0522884760879261      0.75565588900417735
0.11789605867019468       1.9925400258263541      0.89479310530748624       1.0381872763377522      0.84549853725212054
0.84839144165416769       1.6403191057654749       1.9156287813528332      0.84063211863622012         2.50755352099852
 1.1539787208077843       2.2812012661621033       1.9106083918425265      0.76217220933660645       1.5322030296422171
 1.6223962526087141       1.3313323490596123        1.229745902766183       1.1045381882752254      0.67090359805603483
 0.8985769219969848      0.65456133244551062      0.48360972233714294       1.9348874541220615       1.3952738849707751
  1.066581714850076       1.3664975654591696      0.67858302041670948      0.85490722606855563       1.5349357566804631
 1.5569722368744214      0.96161563597015343       1.3715004743576347       0.1233218383386821       3.5401122937783764
0.97112478842768624       2.2578570944265173       1.3401731269138206      0.70846567114857473       1.1896699402354411
 1.9543658231527052      0.93021725926660381       1.2140445645959774      0.75053741569074739       1.8019912302663053
0.16411184368998194      0.77127973370323188      0.42668023489616042       1.6860822604570391       1.5086386443333806
 1.0988310677019055      0.38827366491020066       1.2459179388614405       1.7943599149079492      0.65315796056047759
0.98765454812669684       1.1044326330520557       1.5405699037150162      0.96377185072882654       1.9530348880348134
0.48106343319238754      0.95719291726002331      0.41931873649106843      0.21693226277791014       1.0814255297619648
 1.8528793916840791      0.92993204442082533      0.80128589244636994       1.3037192895481278      0.19166116876556594
 1.3807898223701496      0.87626281054045196      0.41927060071514216       2.4646333799947802      0.95268490137264961
 1.4871868412407201      0.90458422740631983       2.1196941903811086      0.90577433127662232      0.60816578885923267
 1.6234185271529005       1.4974703499683597      0.24942527452771376      0.97163403098974654      0.72308280226823785
 1.2379751311804343      0.63016057361640609       1.3863937864943647       1.1397023048500201      0.20834759040026693
0.14520981855814344      0.50870192581865514       1.2049437514267933       1.3031528774743251       1.9024399901069469
0.96599630279189275       1.9287147793060566       1.0083006007185209      0.63610945286667631       1.0512826484667319
 1.0494663773243242       1.0419762048861532      0.78135795129929009      0.39975829302826194       1.0486676642662174
0.15791931518406316       2.5410335692188304      0.87978725803257518      0.94027115180904308      0.28514847827652207
0.52442562229729761      0.92803430404211018       1.6031261355624944      0.90547213931092452      0.97136962108947822
 2.2090440131117894      0.44206681632676909        1.610582767250256       2.4349870927264328      0.74313822225366954
  1.173637549168532       1.7035628062306727      0.79942769009466974        2.686820798847747       1.3344613542423835
0.48567868133263675       2.0930681056718878      0.16236530735838511       1.7975675965963367       1.3060208218884024
 2.2611070501844628       1.8941319557071814       2.3886441897521449      0.60320029182628931       1.9887183248014519
  1.266562011232323        2.587153492843747       1.6779364694556507       1.1379677004097664       1.7247178552807649
 1.3078947049494241       1.1238506790483669       1.7813825615353189      0.93458760851252198       2.1285929688457021
 1.2126799158405881       3.3196870817029218       1.0469625120787693       1.0896484758514922        1.882871642427306
 1.6729468675738624       3.1443286012924681       1.4887734708222007       1.8907112176183833       1.2153410853311106
 1.2774354194802295       1.9060205152463878        2.938057254146889      0.24553814584748451      0.78218280725715639
0.21533998094290607      0.71013097974010531      0.82100517495852066      0.90484667555039155          1.6526793349508
 0.7232600368003802      0.55980754766579666       0.8105499454806091      0.78297541174361518       1.5091472174035856
  2.013986360037427       1.8168819584911942       2.3094569689536013       2.1595917291407969      0.83695996498436076
 2.3831213979445893       1.2681411879004592      0.67940232799074551       2.0421953205172154       1.5441117246109768
 1.7739447558578894      0.48976444066890934      0.85300556671825067       1.3375422091115627      0.43346821852126738
0.17051166213618299      0.49511424395950016       1.1576976681370981        2.269954000534935       1.0133454683685075
  2.037923374732066       1.6369524501875448       1.4793860416131619        1.169342165525445      0.51724921443634031
 1.4110701567045509       2.3442239935814531       1.4657152613849578      0.34721647018701829      0.39222145217376081
 1.0527159401233244       1.7191732914210369       1.0903015803278862      0.78171438613252542       1.4563807826640134
 1.9170832168113157       1.5360484652224291      0.70133000115596189       1.1077395196397948       1.8717062493421279
 1.0358931626226828       1.4662862432460209     0.028024780419452989      0.92960510789512574       1.1581374595658964
  1.566355831177018       1.4362264016001389       1.2697994902135787      0.46924685705999286     0.046315379983933702
