0.39801018641501129       1.3572838686751827       2.7318803625919279       3.7032105708943388       2.4267536892279931
 2.4975805212934716       1.5719458982968324       2.2113755598641651        1.356856091132266       1.5001445913330007
 1.8701050300598974       2.2036315704790099         2.81984119942266       1.0864956514699702       1.0457236974205588
 3.1742385136432452      0.29698953426148833       1.8030137621958506       1.4948809494600523       3.1504918407785976
 2.7745418727100239        2.756863701454106       1.9087445784376287      0.24979595456137246        3.381453421512298
 2.4768900202280566         1.66805160524646       3.1235742705861829       5.3931583262744462       2.3051760653646052
 2.7899487510538639       4.9280698769777009       1.2932031714419365       1.4246991671716733       1.2423078918669863
0.78788355708760305       2.6697590263495821       1.3528131766217448       1.3023132835375666       1.5681292652508854
 3.0578586573910478      0.64969997000539559       1.6592900222738298       1.9304265233749713       1.0826983123906992
 2.4904022462724158       5.1576742204706756       2.4646711086058839       3.3891155198464991       0.7348213020364428
 1.9235744774497743      0.86353869094402191      0.29147002489563889       2.7854153354933477      0.70458855057602565
0.63022926526671652       2.2820180427327927       2.6038883255306717        3.330603805861736       1.9946136491423747
 3.0183386485327017       3.1622299708724251       5.1407592658007717        2.297703333309371        5.254654815625222
 1.8726814900947184       1.3616199340498798       1.2013823237624763       1.2320582961701265      0.58555700505623165
 7.2755319791087629       3.9981732623598907       3.5503853256652782       1.8365305031241197       1.1632754817252882
  3.265821436989873       1.7746004232824018        1.883631120017669       2.2647256719487325      0.87373413321026983
 1.5182895100117602       4.0742202485802608       2.3275533274509757       1.2673958121020499       2.6007938320974282
 3.3975282833112121       3.4342030125369289       3.3110212947098918       1.5930662406075617       1.7559681614408773
  1.692311974810353       1.0132179760386983       1.2405799610411825       3.3203704481243173      0.73585046943759502
0.68366437048780648       2.1511857420284635       1.6409446622690107       3.3435514348096524       2.0689527327820119
 1.3361074605018324       2.3764660172423615       3.2522757373502751       2.6970478566000202       3.3432006394217395
 2.2929167199367169       2.8731217552833099       3.0440774093413947       1.8256462218422103       2.0046069694086461
 4.6432238548659166      0.57241092290098239       5.0540494683890751      0.63312998005058296       2.2833023464549314
 1.2659132202492256      0.31344226964537114        2.806235537912793       2.1662663396428621       1.7007129325768722
 1.3937884103411273       4.7226024872149246       1.1540252931591628       1.7891132468821758       3.2306442787631542
 2.6124293082518402       2.5682197736613293        2.917236013112332       1.4271068303198813       2.7056499407075605
  4.012146821041779      0.78255176361029466       1.0356886186515841       1.6484477942687297       1.2841473542149999
 2.9244849944021802       3.1601895816237824       2.2362841935666129       0.1316289416648844      0.49483749793647885
 1.2372582457669723       4.5030289299650432       2.9177788045830431       2.0363548587036413        2.686564589635986
 2.5809068295062656      0.93090617019395994       4.0573699046498213       2.0038979752479507       2.0907553816512032
  2.258776032599549       2.6909876156592909       2.2932930972243084       3.3505618480116208       2.1932930581583649
 3.8934045144039962       1.9524296369103598       1.8071070696163685       1.6292222796720948       4.2226566713554687
 1.4599492032369745      0.50415680484525571       3.4353192639356251       2.8803356503162796       1.3793684799491297
 1.2996550232752528        3.136615441696271        1.036197284432435       1.5047475037215781       4.2550637908273199
  2.033095046743838       1.0771047606997206       2.6572631422011015      0.74519075414735869       1.6863318298697563
0.44528736223284499        2.920522489491407       2.2368963235797503       2.0409988546716678       3.1437025558430851
 1.0175684607523723        1.462360015730698       1.6861484496128747        2.168345226146581      0.64169019983063291
 1.7248161103321256       1.9357318920265707       2.6970238843571721       1.9881102559416759       1.2285875918548452
 1.3536283933697315       1.7871764862710222        2.059748133469391      0.19442962804685707         2.13270060072449
 3.1915559826726501      0.66191426265910869       1.5605822995014864        2.279955697337368       2.6103977021674272
 1.3763492453780504      0.51675021615037331       2.9298898810416736       1.3973413301243596      0.88872174420646599
 2.4111298281493441       4.0199105881581207       2.7509207924280346       3.1253041964333752      0.95820769681284179
 1.6727638525227837       3.5295218952384415       1.3806223294585931      0.59771967449718832       1.0296703446238671
 2.1609942717394621       2.1179850205797046       1.8058024968840332       3.0332738120573057           3.289846853607
 1.9821682333728392        3.819953952972881       1.6115840125819312       1.0232203245681695       3.7580480747649094
0.83664452514405685       1.8705587132056702       1.3892389426245164        2.081859115437986       2.9802021420498397
 1.2335641128798374       1.6524119417236613        3.070175732323948       2.0676341742159319       1.6523079265493046
 1.4280263782652534       2.4129620568671832       3.0598591214092128       1.0865983658796479       2.2826275463400756
 5.6991746991897179       2.6793194159067046       2.1103045746624747       1.9621919671995167       1.3586732921707709
 1.4006262516707613       1.9706362298605886       1.9989062830215027       3.4805162975186765      0.89062986931127386
 0.7320961884459275       6.3871266201064705       1.1802070567567264        1.802439730962146       3.0794083079662351
 1.1091363178393541       1.4846384995835966       2.8024728493970348       1.5004952377479324       1.9059647441871304
 2.4341294818704586       1.7805128646531523       2.9039859318376307       2.1392079235024459       1.5261809784931344
  0.579273587407095      0.65451513544336004       3.0585241767926838      0.75650714172850064       3.0875579516404072
 1.9001895826546193       3.7806428292191323       2.0927863141013723       2.7823210272809638       2.2431900633462694
 2.4637719085949499       3.4712104131385066       3.0677466940315981      0.56480421182920237       1.8008105219198698
 2.5947463932763499       2.1369086909077697       3.9591592245677978       2.6718128917319492       2.9142913859153619
 1.3103522120881186       4.8401791346370819       3.2313185180605615       2.3160908014027224       1.7000803125467649
 1.3574012792133829        3.592165845057572       3.2457776546593298       1.3900044789020691       2.2426779563211778
 3.2814197651206327       2.4087470105103836      0.52470008436492932       2.0298691556320483        4.155846551945257
 3.2198808837857142      0.67276985367078501        1.833502600923806       4.2280052824770227       2.3988135009971314
 3.4766502249142905       3.2486950272101902       3.1372793203502698       2.9076772226122243       1.6279050795909848
  2.642362389952372      0.47253291935580621       1.1872882359726169       2.6601706694683389       0.8006218529044673
 1.0556089716737347       3.8379053439611845       2.0323953470777605       2.4789986814564164       3.4692981794973696
 1.6893512128178918      0.82875695559977958       1.8202638041690806       1.8331633258050362       1.0346889231616836
 1.4946037574513544       3.1088476910693741       1.1052788442003971       1.2048668851264046       1.5930387142843343
0.55084393194889947       2.4032455704895659     0.086850178594872887        1.836831664671202       1.9228424501446271
 1.4622969630549236       2.2527274222190137       3.7627800920078913       2.2143228527641035        1.112283423655658
 3.9261346389922935        0.593391357897184       2.2964682285334916       2.3124658129709221       2.3193992916248902
 2.3979233394796653       1.9837640805921422       1.4623018225588305       2.0715828875916786       0.3805935205421106
 1.6373815021297082      0.88172448123148639       1.3988130041009874       2.5532719884597013       2.9129776804934866
 1.3356567458661119       1.5227000780507873       2.2453561170429999         2.04343566905102       3.0081559300014717
 2.1497907158611134       3.3499583454871473       3.4620029244631527       3.4521717678210009       5.3703445372407481
 1.4502976177724936       1.5655032902400488       2.5659075539977381       1.3035135926622285      0.91548188536173625
 1.0626160164540155       1.7739708356504549       2.0415594016324361       2.2939924421895888       1.9891760211131106
 4.1367518436353423       1.3794702134194561      0.41868942345539734       2.4905678681575427       4.0733032233914006
0.46008331377086964       3.7502740741418403       3.7336787608448341       2.2872419809980702       3.3984447371461464
 1.6596802515568625       2.2052023939841678       2.2153020110837192        2.299663833717267       1.5436381741328828
  2.618966446303125       2.7855751162548903       3.5423593818650665       2.6786744805939287         5.72210324338426
 1.5219741159762592        4.812354476407994       2.9372599218292859       3.8883034811252712       2.7900149865341635
 3.0160065651392607       3.8532727496899946        1.748685775878192       1.0679032998650295       2.8838736814631836
 2.5748657534679413       3.3985441650877628       2.2175276472857135       4.7335207937125539      0.40548119044637132
 1.0086774724478342       2.0506729083230195       4.0462131147842211       1.1441440333752313        4.018012977288862
 2.9554955822052218       1.2571520545879715       3.1686701012137148      0.43032023589547957        3.018124453346589
 2.2259998753880521       2.8920484952744685       2.2550942624900547       1.5449128026399455      0.80371162677728658
 3.5425498352258042       2.1105437298238048        2.489999182314798       3.5628662409548606       3.1152819052966265
  1.617343642088503       2.0049351510496098       2.1792924159020717       5.4151539483285323       1.7056606490400852
 1.1181947518755673       3.4849890834031418       1.9992525748746626       1.3659713274931469       2.2704648575257536
 2.5042006365315785       2.1989774980927841       1.3543141205572304       2.5944276384589076      0.83655599137816161
 1.6855212375003001       2.7629333451818807        1.726270466428979         1.97460311681589        1.419147320052649
 4.7763258003609304      0.34539068628551833       3.6213677422438031       2.6644868573450071       5.1517603504501412
  2.397237257831613       1.1068588088679583      0.19634817611987504       1.2291383136193548       3.5580432245613114
 1.3203135749662107       3.7720766039052931       1.4944827525858311       2.7071493295684155       2.7310551887321441
 1.0973180208867617       1.2242298495462205      0.94815689813974957        1.860239841343321       2.5453268158403848
0.89095986058541399       1.2017833102397186       1.9125511999424689       3.5376863428579077       1.7042750902607908
  2.467968432450987       3.2532726373459417       4.6118978035545997       1.9988570692613437       1.0914510612624999
 3.4904216739074898       2.3311507542689465       1.8368799050449831       3.9843857157185942        1.139834094754077
 4.8167068460899518       3.6226571854855383       1.6210616490528758       1.3103679991134123       1.5008278877144647
 3.8085099764060453       4.0288294395352668      0.71364534790123857       2.9699023857636173       2.2895880776722795
 1.8077214729365085      0.85469679312024049       2.4067550338228871       3.1040011568465227       1.2658052138445359
