  -8.7068939893011947       3.2022778582944422      -0.4400480660340933       1.5480950923934897     -0.82071087382933416
  -5.3788266740516999       -2.622139786884671      -3.6497592814902422       -1.928285394631774      0.35885395086265692
  -7.3762793278294998      -4.9764705994055385       -5.114962860495643     -0.40134439917742259      -4.9802261368238696
  -5.5309676275897601      -4.5178300154087072       -2.380354436285868       1.7099328174640602       3.6791308923495221
  -9.6979637287614313     -0.62126242259532338      -4.0981125560419853      -2.5235274594022763       5.1516189231802683
 0.063212640061495851      -2.8775361528545051      0.77482120225223294      -2.2271379597472465      -2.7653400332135303
  -1.5523555051654974       1.1602162442326729       4.9650087193336105      -1.4082275929764083      -3.6668508538424387
  -4.6335754583533353      -2.4617656873995908      -6.5605883938235579      -2.3109210713184298        1.207637201018493
  -5.4102588586159559      -7.6666106246771637      0.73998016359628771      -5.3180921824991305      -4.9337175074593294
  -5.4591605818859001      -2.9325824813737293     -0.45375732365438659     -0.28127943119163246      -1.2268894877386605
  -2.4695028488696997      0.37881822638540186      -4.0918480947648472      -5.8145025197808122      -2.0564047366988727
  -7.4841841120149386       1.2834650766578197       1.0970488180851112      -2.5442715387836086       0.7087099985562455
 -0.49891796760467444       2.0267886033829443      -4.2236235352865013      -5.7191852398953547      -7.3310454228968132
  -1.9270069280640438       1.2093916873993864      -7.0819964297788385        2.074281752440871      -1.3136624936979675
  -2.6530109820453354       1.4183927419403237      -4.8993069621645411      -1.4230862095954713     -0.91539926880680744
  0.20712545521101333       3.7785471280769247   -0.0058772267277238388     -0.29120468914868858      -6.7623177228201046
 -0.67431001286644521       2.7443413793140659      -0.4886208274958741      -2.4245845466255509       -2.125490709143675
  -2.6599802771417185       -1.163677564046639       1.2149555470009821       2.8950653486628664      0.14083354636564649
  -1.5801282295479331      -3.0379774073858465     -0.25721068772350741      -2.8305155820893351      -5.3377691900541144
  -2.0521751288368324      -2.4732219637772701       1.9560966446229351       1.6436160229836685       -2.531579365326885
  -3.4691443633366958      0.35208845415846435      -7.4344876068949048       1.6477061269698292      -1.1025321717619372
   1.5278194592818264       1.8060284819600452      -2.5444214196474624      -3.1802735263678557      -3.1716138616132259
   1.7887478897119866      -2.3806459229394537        -2.71323775906846       -0.433837029453082       2.8557799953701952
  -1.4604988758083164       2.6817544291409945      -1.8351431067525565      -1.3045676354595435      0.54421864827295874
  -4.6215822931135833      -3.7536077471047919       1.4005388197292601       4.4140176727713269      -3.3331709142783952
  -5.0421176951355804      -3.0069551515988122      -3.6140564708423173      -4.5280320196971111     -0.71492476722574649
 -0.94678305062965995      -2.7815344602529675     -0.94261478419354516      -6.2258115616486887       1.5777951162590877
  -2.4297186394518664       -3.572429871598263      -7.1637248100426936     -0.77466534690208133     -0.95479284491734617
   -4.007395434151177      0.83315770641701148      -4.3012240758662958      -4.4572507099075658    -0.066966195921480676
  -1.2889895236753504      -2.2067251270116151       1.0351776379569047       -3.363054329062277      0.18099689472238079
  -5.0757127109309508       3.6563313136852846      -6.6828503594500832     -0.71546973198031116      0.45710507839350845
 -0.68962270768046263      -1.6862938221275734        2.400411863125492      -5.4018538968320593      -5.4728662823483862
  -6.2475103550375817       3.6987319961444678      -3.0609406905692538        1.413535490620998      -3.6151186625337868
  -8.7256629890737472      -8.6572291106602712     -0.15081568837329429     -0.45670771231968477      -2.6835697334409394
  -2.2672206070736847     -0.62808746035507368      -5.0516302377443276       2.4221629237833584      -6.2628545363074446
  -4.4926871475303525     -0.85337307165339371       0.5021526728976955      -2.5655480430573689      -5.7004727343565111
   2.7348124738519957       3.8969126383641912      -1.6727249735771814      0.95719146009757416     -0.64008374654963496
   2.2791137998042221     -0.91595308730847591       1.9379971564991285      -4.8866412154154144     -0.63644848795500719
  -3.4291122133818899       3.4481796207474984      -3.2410988668976932      -0.9760316765605842      0.99046749299921411
  -4.4489926544618204        3.774817982535958      -3.7835407745502159       1.5622816946140334     -0.61721342157385473
  -2.2910188969072167      -3.4526891764806544      -3.8431393493809018      -3.5329137586792294      -3.8739251107664887
  -2.5777177256042902      -5.0929828892104609       4.0105674522234569      -1.4173900704014402      -1.7138890545136702
   2.3154885151605096      0.79948772225830522      -2.6169144650127683       3.0326500352654815      -3.7293475638101401
   -2.670361543929916       -4.012820179761972      -6.2961704468182358      -3.9248993838829835      0.82526761093221701
   1.7983672699721089      -2.1206390053505584       1.0593999293225069      -4.8621345677952901      -6.0141440337008936
   1.8896295754308032      -3.3115155669465253      -1.5969053443568995       1.0163875707618013      0.80309113067649873
   5.5780272604866337      -1.3787379792406893      -2.6921527762326845      -1.7362173820212321     -0.23614718850386218
  -2.7599624162526126     0.046642859585464436     -0.18230732552057161      -4.8342077049252934      0.55474006129465447
  -3.0355350327211266      0.37962145116666823      0.88371216578694956      -4.2389682465168086      -3.3327675653700499
    3.150698304450283      -1.2785653646900108      -3.5011861501768058     -0.67280332153481059      -1.1017202194516129
  -3.7922088907686948      -4.3919664866835042       -1.349728192221272       -0.964385133159678      -1.7866823974971242
  -6.8900336206587518      -4.1044224749549372      -2.5621081555643896      -2.6798034492330025      -6.0138531995305069
  -1.4192386233848235     -0.82800892772369683      -3.3312771324827444       -1.009894468005305     -0.27443495098384951
 -0.22993350025173842      -7.9506924179379581     -0.30106485983387699    -0.045367166165709794     -0.39576995625596023
  -2.7125968865327335      -5.0463574605606158       0.4059748021365337        -3.77092456263536      -3.8058296900452322
  -2.6772544926878741      -6.1718010405499086      -5.6091667547647175      -2.5882939232705326        1.897640907613789
  -5.5883813136063516      -2.6118393096554358       1.5240455919176656      -3.7556487278815491      -6.7451402138513101
   3.2860957607280996      -0.2731774105992113        -1.24060679354452        2.184837076638916      -2.8506826251133344
   -1.089524293095788       5.1323258352856875      -2.3475040137867915      -5.3461746506171881      -2.7926911089665878
  -3.2438090789674492      -1.6805374466864171      -6.2371214595506617       2.9734665315959425      -3.7213087855440303
 -0.51306057922463855      -4.7391834501891292       -2.408406704004328      -3.3073163316169003      -3.5781654596678285
  0.73104206256992033       -2.973069348083254      -1.8687213395127027      -1.6745108898309962     -0.27943077018301588
  -4.6835573698161248      -0.3508292360692542       -1.370143425683898       1.0852030186312911      -4.1816937784042691
  -1.0208138867145178       1.2701512989233747      -2.9240404641915152      0.45318445012063568      -1.4705689214772866
  -3.0559579686212279      -2.9889619463075769      0.99477016633137749      -2.6505143209633881      -2.8913144909548194
    3.078769842433875      -1.6819261224874613       2.8409634871359746       0.8868697748397536      -2.0378370503737235
  -1.2115996459918257       1.7418562034428273       1.9079962784702067      -5.0615395360129973       3.8887442787612656
  -4.9032502906853743      -1.0251963896642147      -2.3317252709833483       2.3044371413511904       -3.227044381371623
  -1.9880855157674679      -1.4374613762079786     -0.70347557344805878       1.6687551505364433      0.87808070041305042
 -0.37720287387225193      -2.6208147153540216     -0.49894261302047838       -1.615426222923906      -1.5597583483416553
   4.3725850391570447      -2.7748544257947523      -3.4569551870415633     -0.50707866548982516      -1.5781333059297415
  -1.5548726751126336        1.374137659594219      -1.7017053802660724       1.1483827005085172       -7.140552951265045
-0.024832174400243101      -3.1977147834586632      -3.3646918897617386      -2.6112330842089047       1.2670640244728824
   1.7846061567570981      -1.8046176115137116      -1.4709280823340969     -0.10008350833855451       -1.224260266905008
 -0.20544599415826381      -4.6419206236220019        2.961779610035749      0.30770702065803879      -2.9168939638495281
  -4.1700927886440935     0.067696514738019742      -2.2065769251849749     -0.59894142989729815      -1.5610275652291887
  -2.1318880316202042     -0.95204060993028194      -3.7703294779750856      -5.7541023884102129      -1.9821727490804153
  -3.5605651256574378     -0.39879354952131485       2.2928288201876059      -2.6340411316426375       3.6002089565011959
   0.3639417845480013      -1.7461076876072605      0.84226575693477113      -7.3523199499177556      -4.8519448927028694
   2.7612659399083084      -3.8029343652810068       -3.179717277280496      -2.7702047503441039      -3.2836309328421276
  -1.7317721711340108      -1.9140330982408642      -3.7882654641572233      -3.9402900854613647     -0.91284136181398401
    1.364814221279123      -5.3617508090759181       2.3890500486799837      -1.9448792705687414       3.6638848923119536
  -3.6725356229084132       -2.642465622650616      -1.5784473292904706     -0.58325087076173965     -0.92857229767541893
  -1.2105193120410975       4.9667825346109309      -1.1358778894562866      0.71844378771156192       1.5269484825455546
  -2.1761943026591974       3.1408848462174808     -0.66413755804133934      -2.0804137729045489      0.49585620791625962
   3.0199382249147178      0.82704423624836076      -3.4778315307698771      -1.5532162984995388      0.39901090157383656
 -0.82323143750207206     -0.40880025805284625       1.4629466064662582       1.2455227407675351       2.0342788899182467
  0.53926586070476645      0.70849531990146586       5.0989255558851569       2.0606635698735816       4.9208812351402864
  -2.6499169535543525     -0.54846857700248219      -8.8236223682695574      -1.0428767568639201      -1.2442153823253186
   -3.490326858295365       1.0110343898423282       -1.099321575232709      0.80829539611617518      -2.5027627476941299
 -0.53350710159333481       1.7990922148900532       1.0501794642502027      -3.7678550092486756      -1.1302422906026908
  -4.0224881107380561      -4.6057936197583924      -3.9574842510800079       2.8915610401862422       -2.540615122818477
  -5.5849869393448444      -2.2179515971520334      -1.4105870235990066      -3.5747943924953365      -8.3160677072157654
  -2.5375543537863763      -1.7467537422757669      -1.1780440355825998       -3.876088393793736      -2.0021416735210016
   2.9305389043751644      -3.2651837429141723      -3.3935435263054909     -0.12102900836006669      -1.1859643290982202
  -2.7969791719759818      -4.5279286587397589      0.36341328520501337      -1.8565639060666221      -2.7221392216387112
  -1.0335682311037684       1.9899348408910638       1.8252262098363925      -6.2313981621683663      -2.2923943580825981
  -3.3762054040696698      0.25195513013283333      -1.0266736209122711       1.4301167088500857       1.8867361450133959
   -7.565574388052096       -4.288049452486776     -0.60552335464394114      0.33073441201858156      -1.4313414876467239
  -1.6674399375074618      -4.6961579924881889      -3.2403991931531371       3.0698825873568776      -1.7546540952190133
