  0.64523173711581683       1.2557316209271721       1.2236711093068324       2.7634556050066346      0.74134350027985352
   2.6871687109967377      0.14651772846086836      0.75888694794625156      0.68605939725289278       1.4915342956939177
   1.2312209187236536       1.9996318301453258       1.5550295267301366        0.469648028412466       2.8063337762501517
   1.9113237668761853       1.5429513708100895      0.66275958332807972       1.9158941997273853     -0.39171612495464769
  0.35403938627105497       2.6677315803341197       2.7803275894975483     -0.66137898421465913      0.17754066300879734
  0.25784202141184581      0.70247937986132947      -0.7025714434060859      0.55310384057704787      0.40366208724845842
   2.0235958833406236     -0.22411008043159963      -1.2098356094965286       2.3630592886104753       1.7478648745628658
  -1.3101774900067109      -1.2105953929770641      -1.1923130301074158       0.8971880312148377       1.9916453418338005
  -1.0868252524022457       1.0603051298046957      -1.3995092479794595       2.1128644829875727      -1.2348968955024286
 -0.90609131654553154       1.8145775682527616       0.1328598593568161       1.6340937435237746     -0.88484262144911385
 0.071553192793265885      0.21767290654093019      0.32966088737280291      0.94808512969348868    -0.069118889297038466
   2.0508556503267616      -1.2771317199712735    -0.041340903991966105     -0.57648204859577357      -1.4304573143839914
    1.924957436622488     -0.48778608364402087       1.7458316646058254       1.3095259052931607      0.66001995697999005
  -1.4135310809157284     -0.99476450072066336       1.1364215698053015      -1.3101190749399323     -0.17601054243229908
  0.10894230624466317     -0.42247257310516628       1.7839208218401676       1.1277187061884297      -0.8958433504015566
  0.68244522760526505      0.29241645607410627       2.5068689804647315       1.2849368100099938      -0.7462969127906498
  0.18777295658790882      0.68364470033738978       2.6861184829241478       1.5941499894385718       2.3823878733183772
   1.2665807211923341      0.37033722345398418     -0.82232618772842447       2.3176692162951578       1.3498584866924039
   1.1367675083951885       2.2485506930047428      -1.0611956579420148       2.7290908215780316      0.41996712059635299
 -0.37313503472673737      0.64279229421273931       1.4436693870344524       1.7706579709675594       2.4137504271653283
  0.25451503583233059       2.5552640437416949       -1.263664662783069      0.92768035691548723      -1.2178648554627196
   -1.615684962095254       1.1805189546644481      0.67583278198085539       2.4864643873818597       1.6651276425355428
    2.737002340931868       2.6184991409896159      0.69803181923541624      0.92158607843767881       1.6234304517629992
 -0.93404429367191888     -0.60356899394198615       2.1845944508526554      -1.6089629279671809      0.83966702540255045
  -1.2079568367811404       1.3531440968932973      0.49360028836135394      -1.1421516286976889     -0.85753253988622924
-0.011710083946162464     -0.38625501580973509     0.082871347003596607       2.1916539526983527      0.99852608740634308
  -0.7949580922120878       1.3337567859907145       1.3320624696564511      0.49109798391532206     -0.33739544429939972
  0.51532517381324872       1.4386099846764608       1.6458572099169071       2.1114151528431946       -1.082547394739237
 -0.15963279581221079      -1.3797298035694789      0.65178170956672643     -0.74423686352849372     -0.72987233679314145
   2.5912504846036195     -0.54028084249187969     -0.12269626493745855      0.79666001692173716       2.3364966800093829
   2.4505984628400035     -0.67846886209856727      -1.0112097684083927       1.1453509754977191       -1.364180707105443
   -1.448557360560645       1.3158915595622926      0.94855713042476308      -1.5415181144782482     -0.59557199177937448
   1.6305786300217084       2.1093321486394183     -0.50722747685481573       1.0771786510251209      -1.4437156562616571
 -0.47588652323226288     -0.13730261135294386      -1.4855102830100777    -0.056641354030975699      0.29977260372094083
   0.2148988037122348       1.8222954427707241       1.7073127605115168      -1.4626880664872264      -1.6255891835180716
  0.77679499592419476       1.3495928450649761     -0.59422921918783289      0.51479647158453579       2.3466064990366773
   2.5512840640791592       -1.655104613360789       0.3028296065288672     -0.82015991789771969     -0.80152013660888621
  0.19201805894544283       1.0208119590076996       1.4056049136410795      -1.1321564000345186      -1.2656847162906453
   2.7324578480465376     0.052828870005309225    -0.070946572658036056     -0.76181211970688634      -0.3040061669029378
 -0.33057388859562009       2.4310913568709882       1.6237567930288574      -1.0268590739193739      0.36419541421270563
    1.465385798580028      -1.6801098340633924     0.088493729689578859      -0.8356109451854532      -1.2283903855925491
   1.3091782313424942       0.3929181480128256       1.3859206470998475      -1.4936068606280295       2.7879002778809854
  0.73749836585143225      0.22169998489726461       1.4786368494348734       1.1692339550139019     -0.19289026907152307
   1.4519344937136835      0.38602992712597373      0.30239414924033053     -0.41860083769744094     -0.34903543062131359
   1.3100278564278676       1.7757389698516717      -1.5973026695942854      0.73511755555683056      -1.4064574913942707
 -0.88477296367635727     -0.23612620820450825     -0.19844002661027971       1.4387112767213404     -0.34500370041596384
  -1.1099985375151762       1.8412580961204448      0.22152228265158436      0.55769535933574244      -1.4769845771596688
   2.8044857703180344       0.4329497928696654      -0.4707140565630501      0.72255430585625724      0.58606144177124453
 -0.91628144710957904      -1.5245683895698892     -0.79974231915652849      0.31532648131174479       1.7364899493048054
  -1.5387777122485491     -0.89492036602444491       2.0074510478465539      -1.1283431900221006       1.1506835019570585
   0.8366937141548374       1.5582265454428907      0.24674166182545881      0.51833453908913985      -1.2813183954393892
   2.2777381386267512      0.44251658563151886       2.3042721692235029       2.1480066549350303      -1.3218948501884704
   1.3219249699659352     -0.99896862214919757     0.072655066467951113       2.2420606338588271       1.8075594194238163
 -0.82949432936676559     -0.15230237307156358       1.7710413099423838     -0.47060661251139835       2.3823033215565346
-0.027408151764609978       1.0442643976064199     0.097859206834129242     -0.74847787141982147       0.7134357135222783
  0.38517415910093061     -0.82359838397276008       1.9480996976314124       0.8536796622506726      -1.1947543529499296
   2.7261011554928611       1.6331345112939613       1.7079591262667533        1.192215352424967       2.0258206449739111
 -0.98241420646603794      -0.5939405287560211     0.010695628919035194      0.18880423366109161     -0.16590490905810618
   2.1593521842533807        2.437531556974502     -0.71451495784860208     -0.75964900463840679     -0.36419678676956235
   1.2122253978232191     -0.47614644917172888       1.8667291816350553       2.5746349891837936       1.6685760554185316
0.0056474746827277489       1.7547986856979549       2.5807951861766671       -1.316462694761749      -1.6388308317413283
  -0.8272903942555021     -0.83745433293679006     -0.21323595346122615      -1.2102348776250662      -1.4675650266117533
  0.23924396375309581     -0.39329425601321732        1.331313025288992      -1.0469638372840817       1.3162663264547825
  0.48087683007599541      -1.2758276892331255       0.2859445357850387     -0.93722583640964507       1.0266427786413395
  -1.1432659264984235      0.90414531580717883       2.0603865525270457       1.1052440728057662      0.67896980318338895
  0.96390567822947693       1.3856841615239839        1.769872289202886      0.89291228987598115       1.5939594161583348
 -0.66881754052587516       0.7710527493907231     -0.93366170280727401       -1.451249689855421       1.4930445429795978
 0.043157679893825684      0.22790067867493796       2.1883723264750579       2.4994442217003083       1.8261485092616987
  0.93460049195411043       1.2107794607494236       2.7631048467017196       1.5892508570803157     -0.39114256478485698
  -0.5536907962974984        1.225046916543244      0.62648549217085669       1.6305047425631503       1.4268875848696116
   -0.380070991947838       1.3661514695464463       2.2885887643848113      -1.4003490245196746      0.81633653271114393
   1.0878627445021078       1.1718799353793907      0.95724828129299833       2.1814520980012047     0.096642598050250605
 -0.49313643659896944        2.562236279669218      -0.9898408432314405       2.5138414865717831      -1.4085002132432989
    2.019382722160072     -0.74634972316933101     -0.78711884009323496       2.7385059456439489       1.8207489960004881
    2.730709420616185       1.5021591510704679      0.14353216086105436       2.1747033986236879     -0.16821412141093328
   1.5963831748749284     -0.62368575501323997       1.6793267720374334       1.8449417220368769       1.0464066109575025
 -0.13993337326600941      -1.1487276586800894       2.0248093282029078      0.62178470137058806       1.6458397108823433
  0.93946716437964817        1.043881188818498       1.8647330446566375     -0.88715470374538929      -1.2142622424926846
  -1.2009792901678913      0.33759165591931051     -0.25386615989641348      0.10593914962666723      -1.1105648586313297
    2.387576493816812      0.37618436364263952      0.71474872174717607      -1.0834087939464521      0.78429624146612176
    2.267794142580235       1.2894315825954021      -1.2810531294785243      -1.5464679981616851      0.49529033231103031
   1.9896523887183906       1.7763042405538594      -1.1832880201784954       2.5351272399059885       2.3164269351634719
 -0.51359676659137832     -0.11143750539350161      -1.0727973548301328     -0.33124295911031276       1.9051657899472569
  0.98569555225408845       1.2897229961346992       1.3645136705201675     -0.35718278952440619       1.6147735272370196
  -1.5841132087594585      0.18489291450635037      0.53999390866777774     -0.18909989557380469      -1.4546021587238678
  0.22579069485145659       2.0982636533467156     -0.83274279583539546      0.41367560139836157       -1.357743255498832
 -0.27995486636155975       2.0577631186937859      0.53922457934064805        1.227656867683689      -1.2874489351339748
 -0.95958612395826237     -0.53286215066643861      -1.0219458409454076      -1.5719096218671944       1.9024271406491637
 -0.88192503325373517         1.07154922082045      -1.4382341994606216       2.0995105298837347       2.5525026091130432
   0.2151238317188926        0.931287506288482       2.1377359294514431      0.82695431754975701        1.387267493664881
  -1.2618252546877542      0.74474645324058941       0.8338164250649347         2.15295800774215      -1.0917148498470408
     1.00442351640352       2.2241462661595581       2.4922876042046562     -0.12194792684505817       1.5625699288741115
    0.431004395044426     -0.49539185059521484        1.445470827775535      0.31911700928903569      -1.1893649586424124
    1.442244713560211     -0.25588917892096397      0.93372230474123197      -1.4415356998146676       -1.157281330190878
   1.4599441070720087      -1.1495442307866781       1.9790317373617439     -0.88937885539095651       1.1940403157308408
   1.1842114142212048       2.5382179844405712       2.2649188553886082        1.293311212478319      -0.2076240567623916
  -1.5342702597729034       1.2157636172744302       2.7587882860789192     -0.19856983298777653       1.2528839025750513
   -1.376074776192725      0.46937767415655918      -1.6829350676803179       2.3524251429478849       1.6812400273958437
  -0.2490330153391711       1.1877445315931259       2.2039127406951171      -1.1543048115431402      0.93549634529997916
  0.70036892770822923      0.76261767903512145       1.0675304720163141       2.7565697042737249       1.6403494154006644
