252.2200000
252.8600000
252.7100000
252.3000000
256.5800000
255.2000000
257.7100000
255.4900000
254.2400000
257.4900000
258.3000000
261.9000000
258.9600000
257.3200000
256.6800000
254.6000000
252.5000000
253.2000000
252.5000000
254.5400000
256.6000000
256.1000000
253.4000000
253.3900000
247.6600000
243.2500000
235.40000000
237.5900000
237.3600000
232.4900000
233.7900000
229.9800000
231.0800000
235.7300000
236.0000000
233.3900000
229.7500000
236.1800000
239.8000000
237.9800000
235.4000000
234.5600000
233.2800000
233.5000000
235.7500000
233.7700000
230.0600000
225.4700000
223.4000000
211.97000000
211.99000000
205.27000000
204.4200000
203.4300000
194.23000000
185.84000000
175.87000000
167.80000000
175.69000000
169.99000000
175.50000000
170.45000000
175.20000000
184.69000000
172.28000000
179.9900000
186.90000000
184.9000000
181.3700000
177.6300000
184.6400000
181.3800000
190.0000000
193.8500000
193.4400000
195.1300000
194.1100000
196.2600000
192.4400000
192.3600000
191.7600000
189.4800000
189.1600000
187.8700000
186.2500000
184.5000000
188.5500000
191.5900000
187.9500000
188.4700000
190.6500000
195.2300000
196.2000000
188.1700000
190.3900000
191.0500000
190.3000000
186.6400000
187.2000000
185.5500000
184.8500000
186.9800000
192.5000000
194.3900000
197.2700000
199.2600000
195.7600000
197.5500000
202.3000000
197.7500000
196.9800000
199.95000000
202.4700000
202.1900000
208.1500000
207.9900000
204.8400000
206.5000000
206.1000000
205.2700000
200.1900000
196.1500000
199.5900000
199.0800000
195.5700000
196.0700000
195.3500000
196.3200000
192.4800000
195.6900000
198.1000000
198.4800000
195.8400000
197.4800000
201.7500000
199.9400000
201.1900000
202.0000000
201.7000000
202.3300000
196.6500000
184.2700000
183.8000000
184.9300000
188.4100000
189.7700000
188.5900000
188.3000000
186.4500000
185.9200000
185.4600000
185.3500000
184.7300000
184.8400000
184.0300000
184.6800000
189.9800000
189.9200000
188.5700000
188.8500000
192.4000000
193.2900000
194.4400000
194.2500000
194.6800000
191.9500000
191.9900000
188.9400000
187.7900000
187.4400000
187.9900000
188.0000000
188.0100000
185.2200000
184.2800000
184.8700000
186.2900000
182.5900000
180.5600000
179.7500000
177.4300000
175.3500000
174.6400000
178.2700000
180.8000000
182.9500000
184.1600000
184.8400000
184.7000000
181.3600000
180.9000000
180.3700000
178.4900000
175.1700000
175.3800000
173.4700000
171.9800000
171.4000000
169.9500000
170.8800000
173.4100000
172.2600000
168.8600000
168.1900000
169.8000000
169.4700000
167.6300000
168.8500000
167.2500000
165.6000000
167.1200000
167.3000000
166.5300000
165.8800000
164.9600000
162.6200000
158.9900000
157.3000000
156.2000000
157.9800000
161.9200000
165.2500000
165.8400000
171.50000000
173.6400000
175.1500000
175.3000000
181.27000000
185.6200000
185.3100000
187.6900000
185.8800000
184.3600000
185.6300000
187.3000000
188.7600000
189.1000000
186.7500000
185.1400000
188.0900000
187.2400000
187.5800000
189.4200000
192.8500000
191.4500000
193.0900000
193.5100000
201.63000000
207.85000000
202.2900000
206.2000000
215.38000000
214.50000000
209.99000000
210.68000000
212.7800000
209.9600000
206.7300000
207.8600000
210.0000000
213.3800000
216.6300000
215.3800000
216.8000000
226.24000000
231.00000000
231.4400000
230.3500000
229.5700000
230.7000000
228.5000000
228.8500000
225.7800000
224.9600000
216.5000000
219.6600000
220.2900000
222.0000000
219.4900000
216.7500000
214.8700000
219.7400000
218.4200000
221.4000000
222.2100000
228.0000000
229.4900000
228.2900000
223.6700000
227.4700000
230.0000000
233.2200000
233.3500000
228.9800000
226.2600000
227.1000000
227.3000000
225.6400000
225.5000000
221.6800000
222.0100000
224.1100000
226.7900000
226.6900000
228.4200000
233.0700000
235.5000000
233.5300000
234.3900000
238.0900000
238.2300000
234.5600000
231.7900000
226.6400000
225.3400000
224.4400000
225.4500000
225.3800000
227.6000000
229.1500000
230.1000000
228.4000000
231.6700000
229.2000000
227.9200000
226.5500000
226.0100000
226.3000000
224.3000000
224.2500000
228.3300000
236.5800000
236.3900000
237.4500000
234.9000000
233.1700000
231.8000000
232.1500000
233.3000000
234.9100000
235.1400000
233.2400000
236.1800000
231.6000000
234.3000000
237.7700000
243.3200000
243.9900000
244.3000000
243.1700000
244.4200000
247.2900000
250.4000000
255.2500000
268.3800000
264.5000000
262.7800000
260.7000000
261.4700000
262.7200000
263.3300000
263.7500000
265.9300000
261.6000000
264.7600000
271.3600000
274.3000000
276.2200000
276.7000000
277.5800000
276.3900000
277.7700000
278.0000000
280.4500000
280.1400000
275.2300000
273.8900000
273.1800000
272.8600000
277.0000000
279.5600000
279.4700000
277.9200000
279.6100000
277.5000000
281.8200000
286.2500000
286.1900000
291.4900000
295.9700000
297.4800000
297.0000000
295.5800000
298.4800000
297.7700000
286.9300000
285.1100000
282.0000000
279.5100000
278.6800000
285.0100000
285.0900000
285.0000000
281.3700000
280.8300000
282.9800000
287.7500000
287.5800000
289.4800000
288.0500000
288.8000000
288.2800000
285.7200000
287.9000000
288.8000000
291.4900000
293.8100000
293.9000000
295.4800000
299.5000000
299.9500000
294.7200000
294.9000000
297.9400000
301.0000000
299.2000000
295.9700000
300.0000000
305.5000000
307.6700000
313.9500000
314.8000000
317.9600000
329.3500000
333.0000000
328.5000000
328.1400000
330.0000000
333.0000000
339.9200000
344.20000000
342.9900000
339.2900000
332.0000000
336.7800000
341.4900000
345.2000000
344.9000000
355.1900000
361.8000000
360.9400000
364.5300000
363.7800000
378.33000000
389.82000000
397.64000000
384.30000000
373.0000000
372.6100000
368.8500000
365.44000000
369.7000000
369.3500000
366.4500000
368.8300000
370.7500000
370.1900000
364.1900000
365.8400000
369.3300000
365.4900000
362.0200000
352.6000000
359.3000000
360.0000000
353.8600000
354.8000000
356.3400000
353.6100000
351.2500000
348.4300000
347.15000000
341.8100000
342.8500000
351.8200000
359.32000000
350.7300000
335.68000000
341.77000000
348.0000000
343.0000000
332.00000000
345.3300000
342.55000000
350.3700000
352.6700000
353.1300000
349.3600000
346.0000000
348.4700000
344.2000000
338.3100000
334.88000000
320.00000000
325.8300000