241.8200000
241.2100000
246.2700000
244.6000000
244.7500000
248.8000000
248.9800000
248.2000000
248.5600000
252.0900000
255.9700000
254.7500000
253.6200000
259.4100000
257.9100000
258.2100000
262.5800000
258.4500000
257.1100000
258.2000000
263.2200000
265.4700000
268.6300000
264.9000000
264.5300000
260.9900000
257.0500000
258.4000000
257.9700000
258.5000000
251.8000000
255.3300000
255.8900000
256.6600000
253.1300000
254.5500000
253.7800000
255.4000000
253.6200000
254.3800000
252.5000000
250.0800000
250.3700000
250.0700000
248.4200000
247.9800000
244.7500000
247.5000000
234.96000000
238.55000000
233.0000000
234.1300000
237.0300000
227.99000000
197.99000000
202.20000000
185.17000000
175.00000000
194.00000000
194.92000000
178.95000000
178.50000000
198.62000000
188.00000000
193.30000000
196.37000000
187.69000000
188.05000000
177.0300000
186.00000000
183.2000000
188.34000000
186.6000000
187.5200000
193.10000000
196.2000000
202.40000000
201.8500000
201.9900000
199.9900000
196.0000000
187.22000000
192.5000000
190.6000000
185.5400000
185.0500000
192.0000000
189.7300000
189.9500000
188.5500000
194.3600000
196.5200000
195.6800000
195.5400000
194.9900000
196.0000000
196.0000000
193.3000000
190.0500000
186.4900000
186.1300000
186.0600000
190.38000000
188.4500000
194.0000000
190.9700000
189.6200000
192.8300000
194.01000000
199.33000000
204.20000000
203.1000000
204.57000000
214.00000000
220.67000000
215.1300000
219.7300000
221.1900000
217.0000000
208.9900000
205.0700000
210.3000000
208.5200000
207.8000000
205.3900000
206.7000000
207.5100000
200.9900000
206.9700000
201.0900000
205.6600000
205.0100000
210.0000000
212.9400000
212.9000000
210.8000000
210.7000000
207.5000000
213.8600000
208.3800000
210.2900000
209.7000000
211.6800000
210.2700000
215.0000000
215.9800000
217.4900000
214.7800000
216.6400000
216.8200000
215.8900000
218.7100000
218.1800000
222.2700000
227.3900000
228.1500000
226.6000000
225.0500000
227.8800000
226.2100000
233.14000000
242.1400000
242.0000000
240.8000000
236.8800000
235.8900000
238.44000000
233.32000000
232.5000000
232.2200000
228.3000000
227.8000000
227.0000000
227.0200000
226.7100000
228.5600000
221.7000000
218.0100000
221.5800000
222.0100000
217.0300000
218.2500000
221.2200000
222.3200000
228.2100000
231.7300000
229.1000000
232.0100000
229.8800000
226.0100000
230.0500000
227.7000000
229.0100000
228.7900000
228.8500000
224.4400000
229.1400000
210.40000000
209.6000000
209.0000000
211.3100000
211.2100000
208.4600000
205.9700000
205.9200000
205.1300000
207.4500000
204.0100000
201.5900000
203.0000000
210.0400000
209.5800000
210.0000000
213.4000000
211.5000000
206.9100000
206.5100000
203.6600000
200.4400000
205.7000000
214.40000000
215.8000000
220.00000000
227.18000000
237.00000000
243.31000000
242.01000000
244.14000000
247.9900000
245.0700000
242.5000000
239.7000000
240.4600000
241.5100000
247.95000000
252.2000000
250.3100000
249.72000000
250.71000000
260.0500000
264.4900000
264.6500000
269.2000000
274.4400000
276.1900000
276.7000000
282.5000000
285.0200000
278.5300000
278.0000000
279.8400000
277.4000000
266.40000000
259.55000000
262.2000000
271.9000000
269.9300000
270.8900000
275.9100000
272.5000000
274.6700000
272.6700000
275.9000000
275.1100000
282.75000000
290.5000000
291.0100000
284.0000000
282.5500000
275.7300000
280.9800000
278.6300000
280.7800000
273.0000000
270.54000000
262.9000000
270.07000000
263.5000000
263.92000000
260.0000000
265.0000000
264.2500000
263.2100000
271.9900000
273.0100000
275.9900000
269.2800000
265.4900000
263.9900000
268.4900000
272.3100000
270.9200000
270.3500000
266.1200000
271.0000000
270.3700000
272.1200000
273.6000000
268.0000000
273.0000000
271.8900000
281.7000000
278.5300000
276.1200000
278.7100000
285.2300000
283.8600000
286.3000000
286.0700000
293.0700000
292.38000000
284.0600000
279.0000000
285.0000000
287.6000000
283.3000000
286.3300000
288.6000000
289.7200000
294.6000000
294.0000000
292.0000000
290.8100000
290.8000000
289.0000000
281.6600000
284.6200000
283.4400000
278.2100000
282.9000000
290.0000000
281.5000000
285.7000000
287.9000000
288.9000000
288.0400000
289.0400000
293.1600000
294.3000000
295.7400000
298.8400000
301.0500000
296.9200000
298.7000000
304.0100000
306.2900000
316.0100000
318.2700000
303.0500000
307.4000000
302.1500000
308.2000000
303.5000000
305.0400000
304.3800000
297.9400000
296.8200000
302.0500000
301.7800000
307.8100000
306.3900000
313.3000000
309.3000000
312.6000000
311.5900000
314.8000000
313.0000000
310.0300000
315.2600000
315.0100000
314.8000000
314.8800000
313.4800000
314.1300000
312.5000000
311.0000000
313.4400000
308.4500000
310.7900000
310.4000000
309.8200000
310.4100000
311.7600000
308.7000000
306.3500000
306.1900000
305.5900000
307.8100000
307.3200000
303.5600000
302.9900000
302.7100000
303.5600000
306.8500000
302.7000000
301.1900000
301.9200000
298.0000000
292.3400000
296.0100000
295.7700000
297.5000000
293.9900000
302.6600000
300.4800000
304.1400000
302.4200000
306.3100000
306.3100000
310.2600000
311.0200000
316.1000000
318.5600000
328.0500000
330.7000000
330.0000000
328.6000000
327.5600000
329.0000000
336.0500000
333.5000000
332.2000000
327.8500000
330.3700000
324.2900000
324.0300000
323.7400000
328.4200000
328.5400000
328.8700000
334.6700000
329.4700000
330.0000000
329.8200000
325.9600000
330.4000000
328.0100000
327.0200000
327.4500000
326.4600000
333.0400000
326.9000000
327.0100000
328.4400000
325.2800000
328.9400000
326.0800000
326.3200000
332.0600000
329.0900000
329.9800000
339.2100000
337.8100000
346.7900000
366.0000000
367.6900000
369.5000000
375.0500000
385.9000000
378.7000000
382.0200000
377.5000000
369.3500000
365.6800000
371.8300000
368.2000000
364.0600000
366.1900000
369.8900000
371.0000000
370.5000000
364.3300000
356.1400000
370.9800000
370.0000000
366.9800000
362.5900000
358.4100000
356.6800000
350.1400000
356.24000000
348.6700000
345.9100000
338.0000000
338.9000000
339.3700000
326.03000000
306.28000000
328.0000000
322.3700000
307.1300000
311.1400000
311.0000000
321.3500000
325.2100000
327.6000000
322.0000000
307.50000000
310.97000000
297.49000000
300.4100000
298.28000000
280.21000000
285.0000000
287.75000000
